0.6311952,0.3667611
-0.5387027,-0.436543
0.66193354,0.6911138
0.17069924,0.6837547
-0.42320907,-0.3049972
-0.59898615,-0.8695549
-0.57062936,-0.27917707
-0.4662,-0.658512
0.2462045,0.67173755
-0.7299305,-0.78423095
0.4400363,0.8698883
0.8650477,0.40332866
0.26397777,0.3497722
0.6745223,0.3560959
0.30686867,0.43864453
-0.51931405,-0.36263084
-0.4122274,-0.6145742
0.34878385,0.14101219
-0.7277914,-0.21225595
0.30030644,0.74238086
-0.30393982,-0.58376276
-0.7374536,-0.8023659
0.674744,0.81839037
0.29861343,0.5020536
0.5700537,0.1927954
-0.8931632,-0.52563477
-0.38449848,-0.7557081
-0.1823039,-0.2668985
-0.23531961,-0.66788983
0.41257787,0.60532916
-0.8710635,-0.5249677
-0.37185335,-0.5509305
0.16950893,0.62178695
0.18785107,0.42082763
0.25448143,0.29756677
-0.54898953,-0.61399007
-0.4517268,-0.66512144
0.6658313,0.34815145
0.2922188,0.21301258
0.85285366,0.45838368
-0.7218821,-0.8074976
-0.65943706,-0.29765773
0.83879685,0.36918783
0.28807223,0.77729976
0.4394828,0.5800754
-0.69700575,-0.5965065
0.41156447,0.18427205
-0.45770478,-0.49984598
0.7139987,0.20555937
0.14034986,0.3604535
-0.53957915,-0.24741948
0.42759323,0.4432937
0.545176,0.82017815
0.83113456,0.63954973
0.8009466,0.41825092
0.5888181,0.34183955
-0.34580696,-0.85439694
0.4774475,0.8833616
0.44751906,0.34369767
0.28458488,0.5125699
-0.68409276,-0.7275797
0.44986928,0.26908278
0.64670444,0.85072374
-0.44903147,-0.1748662
0.30739224,0.46783006
0.8732319,0.58989334
0.1824038,0.73926103
-0.8369514,-0.36964262
0.49871624,0.203547
0.62947047,0.65918124
0.41379058,0.80972946
-0.78327537,-0.31291723
-0.89190316,-0.42619777
0.33374166,0.83327806
0.66819537,0.3815987
-0.4040357,-0.8776773
0.7870296,0.5137422
0.37828588,0.4023713
-0.30992746,-0.83299077
0.41459823,0.46403122
-0.4631015,-0.83743453
-0.5677726,-0.7673955
0.68274045,0.58138895
-0.24119473,-0.44500685
0.3900627,0.80369806
0.3669417,0.3879
0.38120294,0.8059908
0.7900337,0.3656981
-0.6767396,-0.65641
0.46554852,0.12583494
-0.6313479,-0.44922435
0.5429094,0.6785828
0.57698905,0.1359222
0.69855106,0.27530062
0.26379073,0.27886152
0.3450706,0.5670333
-0.6416867,-0.14155066
-0.31000257,-0.625931
-0.5268878,-0.37063098
0.8473507,0.6177325
-0.32535625,-0.38114023
-0.3302319,-0.8365388
-0.7534907,-0.42309618
0.629146,0.54816926
0.6102139,0.67227244
-0.549008,-0.756619
0.57719433,0.84205866
0.12572896,0.4596969
-0.8419745,-0.521436
0.6786699,0.25088668
-0.83575773,-0.59074354
-0.5741967,-0.68836987
-0.36826682,-0.6987113
0.80931103,0.64094496
-0.65069425,-0.68887985
-0.44202244,-0.51259625
-0.34387815,-0.18246102
-0.2710433,-0.25873935
-0.6113715,-0.59614325
-0.12157273,-0.46955943
-0.47967136,-0.8813757
-0.34635735,-0.16704118
0.6888381,0.2878375
-0.48819733,-0.40688193
0.20920634,0.67108226
0.4797777,0.38129735
-0.5550082,-0.58668566
0.30979717,0.78452504
-0.75280607,-0.66506255
0.34520316,0.15149546
-0.6434008,-0.23881197
0.8406857,0.60446477
0.48819268,0.692335
-0.59050715,-0.15270436
0.49779844,0.84611857
0.4420551,0.25355935
0.3355136,0.43841863
0.80544055,0.7327633
0.3056035,0.24165916
-0.663303,-0.26196468
0.5111736,0.46515906
-0.3150469,-0.5995445
-0.5057448,-0.54418266
0.5971024,0.8494977
0.39863455,0.7942623
0.7005056,0.59469926
-0.76896167,-0.27136242
-0.29691243,-0.4063667
-0.31144512,-0.41540802
0.23772609,0.22951198
-0.7885946,-0.3144853
-0.8422015,-0.49930072
0.44787395,0.7352346
0.3866123,0.22879624
0.85541403,0.35037267
0.29874372,0.62541854
-0.27492642,-0.28311753
-0.42096972,-0.13740695
-0.5404304,-0.74867547
-0.33453286,-0.4821719
-0.23547935,-0.43245065
0.6160886,0.7080871
-0.39590418,-0.8764515
0.3104291,0.21869326
0.6152123,0.12679422
-0.16400611,-0.47215474
0.41267395,0.31786478
-0.37718678,-0.1803143
0.5067754,0.19425833
0.48698235,0.8807261
0.1463393,0.58095896
0.37339926,0.489792
0.329633,0.74767053
-0.31587625,-0.6580746
0.33829677,0.770548
-0.7426115,-0.19875097
-0.5211811,-0.2122004
-0.17146337,-0.5698695
0.34403813,0.17881727
0.8541306,0.45900583
-0.22262776,-0.6159562
0.36696947,0.23588395
0.7001244,0.37966263
-0.5280682,-0.74368453
0.39604664,0.33317125
-0.29485178,-0.6209165
-0.41368675,-0.69571435
-0.5860958,-0.64468825
0.19287956,0.6963972
-0.26899493,-0.78728855
0.58212066,0.19802105
-0.59629214,-0.8487009
0.65595984,0.80089605
0.3850478,0.8009343
-0.733377,-0.46363664
-0.6140591,-0.73745227
0.6356523,0.40488362
0.76161563,0.4415053
0.7473359,0.45293784
-0.57642126,-0.4485612
0.14352238,0.39923954
-0.5640497,-0.42166007
-0.6328783,-0.17025828
-0.22968745,-0.6914518
0.7778747,0.73235714
-0.5953704,-0.26920235
-0.5470698,-0.29320407
-0.4443282,-0.22297895
-0.6289762,-0.5745642
-0.1280477,-0.3629645
0.62759507,0.36940825
0.6420332,0.4514928
0.31878197,0.40756702
-0.53780854,-0.5372523
-0.7407315,-0.2878977
-0.42122662,-0.4669057
0.25780284,0.52475834
-0.53753626,-0.72122
0.8770666,0.57569134
-0.43898845,-0.7737428
0.5616206,0.30827045
-0.81553495,-0.5924511
0.37622833,0.36066628
0.5897051,0.76842475
-0.7910987,-0.5212581
-0.8261322,-0.3208884
-0.70000243,-0.79580474
0.78926015,0.23063874
-0.25100482,-0.2414701
-0.3634293,-0.4832039
0.447937,0.40671027
-0.6098819,-0.7334039
0.43571985,0.5267228
0.3409468,0.1667751
-0.35682416,-0.2492677
0.41030407,0.75244236
-0.31627285,-0.3804282
0.2569319,0.35848022
-0.5110353,-0.21516597
0.6907383,0.8145958
0.2729795,0.6608399
0.7033626,0.37278092
-0.3088231,-0.34835446
0.57773066,0.48650408
-0.7912506,-0.5300356
0.5096266,0.14463699
0.46512985,0.3747108
0.38336813,0.5215738
-0.55727744,-0.4523176
-0.78622985,-0.4332899
0.4084282,0.3317256
-0.25559092,-0.7289251
0.3031553,0.37510765
0.11979413,0.5610435
-0.69249153,-0.33600974
-0.23518777,-0.5945846
0.41815317,0.3554703
0.23770559,0.51684976
0.4453832,0.37129343
0.45496154,0.7870369
0.7782792,0.38379824
-0.6372727,-0.25291038
0.71527743,0.756667
-0.19383955,-0.7115958
-0.605659,-0.83657265
-0.7872927,-0.34937835
0.22168064,0.50739133
-0.40225685,-0.34307528
-0.7684245,-0.3849498
-0.56477237,-0.5359597
-0.73803806,-0.43848264
-0.403077,-0.3086909
-0.6134001,-0.6243777
0.5317265,0.30518186
0.59508336,0.37932384
-0.7054914,-0.49966955
0.6810821,0.5605153
-0.46835315,-0.6968876
0.46992648,0.51036274
0.8156147,0.62660646
-0.75063586,-0.2983111
-0.2645688,-0.2331121
-0.28979206,-0.2135154
0.38703084,0.21453893
-0.61641645,-0.8038043
-0.7346786,-0.7898778
0.2380414,0.20544648
0.21404862,0.7158197
0.5159626,0.30685925
-0.49923372,-0.45279622
0.41730213,0.5425632
-0.52515006,-0.8951808
-0.3662647,-0.3111949
0.6684954,0.7437793
-0.76919794,-0.34917724
0.4223442,0.49935317
0.2824694,0.2399472
0.2541511,0.44096875
0.5928328,0.29194772
0.47618592,0.3500824
-0.4133054,-0.41510463
0.6528419,0.23275304
-0.40825415,-0.46652806
0.5133897,0.544098
0.5041925,0.7231703
-0.7171382,-0.56442416
-0.5577085,-0.31812227
0.71620774,0.77043724
0.5035299,0.5231658
-0.59918475,-0.42769563
-0.15450251,-0.3449335
0.3212918,0.73576534
-0.7623366,-0.68869793
-0.7572018,-0.6703446
0.6190481,0.5348836
-0.6149148,-0.2001741
0.8294563,0.5166769
-0.85078645,-0.39172232
0.41890228,0.45723617
-0.81802166,-0.45548153
-0.80772316,-0.44490016
0.6715691,0.77895546
0.1657939,0.4504925
-0.251014,-0.5616869
-0.7754818,-0.21856701
0.59636295,0.26979995
-0.6550622,-0.3619666
-0.48571157,-0.59654856
0.3760202,0.36201525
-0.7476188,-0.5671476
0.71550405,0.4591595
-0.5078262,-0.6597612
-0.16861022,-0.58668804
0.32241726,0.840538
0.24447489,0.6957636
-0.39439166,-0.27889752
0.3115065,0.49187064
-0.38709033,-0.6152619
-0.29013646,-0.28296626
-0.5103831,-0.15238631
-0.18618214,-0.46961975
-0.4552318,-0.79186654
0.45386827,0.5546348
0.72157836,0.36048114
-0.6076523,-0.13664818
0.7232883,0.68536294
0.23659217,0.32768416
0.5918412,0.8599849
-0.13916588,-0.41517758
-0.55681944,-0.6811503
-0.12184131,-0.61312556
-0.84313905,-0.29520822
-0.3105719,-0.32638752
-0.5864661,-0.52496815
0.206905,0.709157
0.33097458,0.3852905
-0.7649567,-0.26180232
-0.35272813,-0.85288763
0.17737937,0.39620233
0.33457184,0.52933824
-0.39677668,-0.7017975
0.116862774,0.5534134
-0.5808048,-0.63824
-0.8603544,-0.4646145
0.32576847,0.60936403
0.48991716,0.51005244
-0.48406327,-0.2548052
-0.44673038,-0.6738312
-0.5393617,-0.65548563
-0.78027844,-0.6592753
0.50189126,0.1448499
-0.41634333,-0.23622513
-0.38673818,-0.6202886
-0.12453091,-0.38718736
-0.41819537,-0.38415587
0.3928504,0.31805325
0.81100523,0.6155355
0.64875185,0.4804337
0.76689804,0.21608472
0.40678906,0.83683324
-0.32984674,-0.29724073
-0.30877888,-0.66935086
-0.13527524,-0.6201228
0.39114833,0.19021475
0.13173246,0.42888117
-0.81472266,-0.3648919
0.39796722,0.81017625
-0.4991367,-0.86333287
0.14417434,0.46600723
0.6480737,0.5916976
0.12618375,0.36843348
-0.26783514,-0.24860966
0.35027993,0.5403979
0.57171774,0.40752232
-0.15337086,-0.66895366
0.7467637,0.70675385
0.31862378,0.41227794
-0.16653287,-0.554209
0.12436426,0.369267
-0.7664883,-0.33428764
0.83724,0.33999586
0.7332798,0.7556677
0.3204459,0.6497185
-0.86083794,-0.3963716
0.7285882,0.43997788
0.6395925,0.59347034
-0.62915194,-0.6268991
-0.26893175,-0.8145468
-0.47519827,-0.798592
-0.8488393,-0.5872315
0.32692945,0.42431736
0.30997527,0.79492164
0.83043313,0.42227077
-0.62630534,-0.76809716
0.69984174,0.7917602
0.37492108,0.4381684
-0.62079763,-0.33508348
0.4160806,0.24332237
0.72888947,0.48405182
0.75581646,0.7014134
0.29475248,0.6903299
0.779742,0.65927804
0.7979922,0.5962219
-0.35288346,-0.85274744
0.47935474,0.4976796
0.48931944,0.7894186
0.5020251,0.5245054
-0.70479286,-0.39919293
-0.42618608,-0.6689377
0.13126767,0.58924496
-0.39286125,-0.34766185
-0.6139988,-0.7825215
-0.41054833,-0.71042335
-0.6909237,-0.42122328
0.32173097,0.41651094
0.65340114,0.1399337
-0.76709795,-0.7173271
-0.33568835,-0.26822627
-0.13822639,-0.37704265
-0.33664262,-0.31687307
-0.5814383,-0.10980725
-0.48677003,-0.60377014
-0.29990673,-0.20108426
0.4965645,0.7189379
-0.3542881,-0.47448337
-0.75774145,-0.5772848
0.17606747,0.67031026
0.6110252,0.20017731
-0.7853081,-0.70711565
-0.7602438,-0.6738614
0.6712973,0.4672464
-0.77938247,-0.23554659
0.14896,0.36879897
0.61602104,0.8322054
0.6740097,0.5480299
-0.30417562,-0.4580443
0.26384568,0.55870485
0.21423972,0.5292418
-0.29332602,-0.6340474
0.58757067,0.43821764
0.613618,0.15101635
-0.6969216,-0.34783006
0.19946444,0.336362
-0.38319623,-0.16159666
-0.268875,-0.43336773
0.5540533,0.76651025
-0.7256694,-0.3338461
0.49211872,0.16603923
-0.15190554,-0.69704556
0.64447606,0.20656085
-0.20697606,-0.25034702
0.25738013,0.3416232
0.1880722,0.5486543
0.48960996,0.65356195
-0.5365838,-0.28135645
0.23236084,0.6638926
-0.13793588,-0.40987003
-0.8598361,-0.38243604
-0.20193791,-0.53281856
-0.12780607,-0.3534994
0.12680876,0.3586297
0.5354606,0.22061479
0.64639485,0.5623164
0.119877696,0.5712223
0.13124835,0.38398635
-0.31607342,-0.73701155
0.55300665,0.21584916
0.47795606,0.27182353
0.7397839,0.69719076
0.5824617,0.35914123
-0.7589661,-0.4106586
0.43700206,0.61437106
0.7251296,0.28814197
-0.11815059,-0.5956608
0.3745979,0.32667458
-0.807842,-0.3900745
-0.87879777,-0.50024974
-0.31920648,-0.35798717
0.4970038,0.11906648
-0.26900542,-0.6790825
-0.35683155,-0.62931764
0.3994938,0.3295039
-0.59400034,-0.51964724
0.688236,0.7421119
-0.38312387,-0.34767675
0.64679265,0.54003286
-0.15717816,-0.64108264
0.82259834,0.65092003
0.5892862,0.7396289
-0.34714496,-0.6195518
0.80842435,0.37907767
0.49143982,0.27699852
0.44806552,0.1297772
-0.41740537,-0.370867
0.61069274,0.78251565
-0.6493553,-0.18949366
-0.63958037,-0.15304577
-0.6762388,-0.68885064
0.5816333,0.38826036
0.5724976,0.7977698
-0.83576727,-0.46676266
-0.4280361,-0.13800669
-0.5957849,-0.3686434
0.2752738,0.74901915
-0.44400012,-0.5085007
-0.36085224,-0.1400435
0.13969445,0.37264037
-0.4744146,-0.39235306
-0.82933164,-0.52917886
-0.73623466,-0.72963333
-0.7372911,-0.53640795
-0.2863505,-0.72809196
0.6524801,0.7148317
-0.57003236,-0.6414218
0.28621435,0.30558038
-0.45982826,-0.4975958
0.62177587,0.31443763
-0.22576964,-0.5089911
-0.6213813,-0.2614678
-0.7463597,-0.19768155
-0.423576,-0.28004777
-0.3250053,-0.45928967
0.25968516,0.29331613
0.73367894,0.24854124
-0.30932117,-0.5278318
-0.5473175,-0.48816645
-0.51859415,-0.8622625
-0.80086374,-0.50211096
-0.55969846,-0.25905097
-0.59645045,-0.8677516
-0.2986871,-0.56174767
-0.2557261,-0.40361595
-0.7779865,-0.5306854
0.47298515,0.5416647
0.36612594,0.78786576
-0.36154604,-0.51290584
-0.49819505,-0.88050175
-0.57627296,-0.25424767
-0.34331417,-0.8314551
0.56093335,0.5078294
-0.8250854,-0.6112236
0.22902489,0.36088586
-0.685518,-0.3498298
-0.6257179,-0.40993226
-0.705312,-0.836872
-0.6121663,-0.85257375
-0.37689447,-0.4524274
-0.3342266,-0.23500645
-0.8132119,-0.5342386
0.30193532,0.51287436
0.19330657,0.456658
0.7656381,0.74307954
-0.39956903,-0.81663585
-0.5916383,-0.4787222
-0.48870242,-0.5822792
-0.19797027,-0.65530765
0.3337115,0.21428609
-0.50933003,-0.8448795
-0.75754917,-0.60072756
-0.7756194,-0.7001461
0.4366399,0.41731846
0.52025604,0.34356415
-0.6270851,-0.3567927
-0.54397786,-0.7744813
0.24641609,0.754635
-0.577567,-0.34363377
-0.3195622,-0.28059995
0.8755919,0.6329181
-0.22263193,-0.68463135
0.3781842,0.18624294
0.6694845,0.35339403
-0.3942988,-0.8542795
-0.75838184,-0.30785668
0.46612144,0.61318123
0.24448514,0.3204894
-0.578375,-0.30293965
0.6153214,0.31299138
-0.3794111,-0.4526558
0.3528105,0.62687755
-0.7434567,-0.6212535
-0.61737466,-0.8352264
-0.41517472,-0.7346206
-0.28636742,-0.40064907
-0.28925955,-0.21175551
-0.15508962,-0.34558856
-0.53367317,-0.5169265
0.7904234,0.66213393
-0.81911695,-0.6748121
-0.58676183,-0.8760344
-0.57869756,-0.7886208
0.70973015,0.45374954
0.7375827,0.70528424
0.12625837,0.37566113
-0.28239262,-0.551733
-0.7053517,-0.69428015
-0.5289011,-0.6307368
0.4868629,0.58676624
-0.83525,-0.51587117
0.7254257,0.23468196
0.64343953,0.3091116
0.59517336,0.28103793
0.63906837,0.17442632
0.6030792,0.5768001
-0.81663847,-0.4265753
0.328246,0.5994375
0.61861706,0.6128682
0.50421476,0.63329625
-0.58205235,-0.38242185
-0.4799142,-0.2473799
-0.7496133,-0.3159051
-0.60314035,-0.59252656
0.43347335,0.2578323
0.5109912,0.34253538
-0.36693513,-0.20767415
0.89082396,0.5370394
-0.7714168,-0.27866244
0.15096807,0.5834755
0.5420934,0.8288125
0.7127774,0.7077589
-0.49121296,-0.82313836
-0.2513199,-0.6069881
0.77629006,0.29051685
0.24308991,0.3444909
-0.28804922,-0.73978686
0.70123696,0.20421088
0.6770656,0.33396637
0.5812192,0.8720411
0.6415539,0.787354
-0.17492461,-0.67839515
0.14278257,0.46556032
-0.22629774,-0.55846953
0.2954384,0.37658703
0.8850322,0.56760395
0.7163538,0.59766495
-0.51524603,-0.44678748
-0.48945832,-0.7693529
0.5174004,0.87227535
-0.5287998,-0.25638926
0.4529618,0.8140123
0.5721595,0.43556798
0.23194718,0.53706324
-0.41527307,-0.47760022
0.72342396,0.81949055
0.37098134,0.46413934
0.36863303,0.62109256
0.23312628,0.67673457
-0.13362813,-0.58238304
0.72512364,0.82981145
0.5724894,0.39237106
-0.2699008,-0.74833715
0.15543282,0.35309553
-0.7785131,-0.4705218
-0.45023584,-0.67363036
-0.33223927,-0.19599152
0.84362936,0.5350343
0.53173876,0.6523906
-0.77799,-0.2262454
-0.56945634,-0.65667355
0.66800284,0.5124091
-0.80969656,-0.52121437
0.71350694,0.76282835
-0.27199352,-0.7484647
-0.5464541,-0.5565045
0.12067056,0.5861721
-0.71150744,-0.58940566
-0.5689578,-0.61841905
-0.8389087,-0.5995536
-0.38847268,-0.38661623
-0.2162174,-0.67869556
-0.12344682,-0.37383354
0.4525658,0.6192645
0.59575355,0.37659752
-0.33482206,-0.5305054
-0.59583867,-0.15181327
-0.33349645,-0.21662748
0.46599698,0.58572257
0.88080645,0.5999186
-0.34319115,-0.52850616
0.57427263,0.3853475
-0.63739276,-0.7171531
-0.1580677,-0.38631308
0.15532136,0.42911577
0.7120507,0.5371723
0.20800936,0.48965943
0.6744096,0.29678857
-0.65800905,-0.3409171
0.6654618,0.3519174
0.43993402,0.123541
-0.30168867,-0.6357424
0.229388,0.31868553
0.3799007,0.7530185
-0.6530824,-0.72894776
0.2242254,0.4682418
-0.44191062,-0.6875149
-0.34123337,-0.30936444
0.7948333,0.68603957
-0.5620128,-0.37804794
-0.50031567,-0.7485678
-0.26130414,-0.31351888
-0.5827011,-0.47169793
0.7717391,0.29372394
0.36641026,0.57770944
0.66961074,0.5817075
-0.288082,-0.44389832
-0.51354337,-0.31250632
0.77655387,0.31782568
-0.38122272,-0.5372677
0.84201515,0.6982981
0.33569193,0.4893564
0.6120825,0.42291105
-0.47273743,-0.5760945
-0.337062,-0.8180864
0.57307625,0.51471186
-0.38065577,-0.6908115
0.52424157,0.80809176
-0.30684638,-0.1599958
0.2269435,0.4500153
-0.50944567,-0.84412336
0.6433623,0.1620506
-0.66678,-0.6226895
-0.39479268,-0.40834725
0.7017993,0.7754768
0.52892685,0.548254
-0.27480054,-0.349571
-0.38427305,-0.7187761
-0.49768054,-0.51036334
0.58035886,0.818321
-0.6323383,-0.76732934
-0.6550437,-0.4865439
-0.27524436,-0.3704921
0.8056539,0.2842158
0.316787,0.4496075
-0.8517239,-0.48712254
0.35713303,0.73374283
-0.8170079,-0.5357182
-0.4822365,-0.81886804
-0.25351465,-0.44673944
0.35827994,0.24467921
-0.31182647,-0.48599124
-0.2694311,-0.26854074
-0.5187309,-0.89008427
0.39357376,0.5202464
-0.2635094,-0.74626184
-0.7873802,-0.598269
-0.58698237,-0.27417445
0.3734746,0.25601852
-0.4045943,-0.21185672
0.47735858,0.13341367
-0.47440648,-0.33879375
0.40321708,0.24794805
-0.40485084,-0.7741647
0.39002478,0.40404463
-0.60230374,-0.81209433
0.4015882,0.32068086
0.38128364,0.79516506
-0.4147514,-0.61925685
0.46159923,0.38103223
0.20496213,0.7154001
0.6763809,0.17389369
-0.56680167,-0.27928698
0.4119271,0.7846
-0.5044906,-0.49497652
0.81737447,0.41275632
0.5102973,0.7541251
0.7840682,0.25165045
-0.24765801,-0.76907325
0.18593705,0.57008076
-0.8247093,-0.45320284
-0.65458024,-0.30257404
-0.21887398,-0.518258
-0.75547385,-0.7802111
0.6538861,0.3148502
-0.79925704,-0.44379032
0.64135265,0.734342
0.54451036,0.7255174
0.10079467,0.49127674
-0.75070536,-0.67426646
0.22088945,0.7272712
0.38675535,0.7190442
0.53769875,0.26459575
-0.34606755,-0.7696849
0.13032722,0.51801145
0.6874126,0.5258459
0.6725998,0.4091289
0.46242642,0.12107444
0.6565553,0.33978498
-0.41462564,-0.7862685
0.24376225,0.28908777
0.52357113,0.18418741
-0.399166,-0.8207871
0.77199864,0.2658186
-0.8055502,-0.6845753
0.41107154,0.14330232
0.4966619,0.833078
-0.49206436,-0.8649553
0.6056986,0.118913054
-0.33775818,-0.21402872
0.58906114,0.23509383
0.3041283,0.3265748
-0.45055485,-0.63511133
0.7032856,0.65868735
0.1869272,0.4879359
-0.7508544,-0.46188366
-0.52146924,-0.65459204
0.483078,0.16695261
0.5379882,0.61358225
-0.19091046,-0.58526444
0.68094707,0.7298337
0.3093356,0.5602443
-0.654863,-0.62397945
0.74005735,0.4533769
-0.84706676,-0.30256498
-0.42123294,-0.27045047
-0.1666969,-0.71936536
0.69581103,0.27527928
-0.14336741,-0.5354575
-0.6079389,-0.61691225
-0.8634318,-0.4328853
0.7486619,0.21757019
-0.22195685,-0.27537715
0.67730844,0.75352335
0.84590936,0.6936809
0.522979,0.64457726
-0.4475398,-0.5600126
-0.33684635,-0.546119
-0.5729027,-0.7778113
-0.15472221,-0.3201989
0.566669,0.72552073
-0.24439871,-0.24779177
0.2823552,0.5580783
-0.7957022,-0.25377333
0.4278257,0.14908838
-0.85569334,-0.60916233
-0.7130722,-0.4638052
0.3877089,0.57383466
-0.35533655,-0.76580215
0.30908978,0.47742712
0.46565402,0.33077884
0.6502348,0.81233835
0.51123345,0.5752456
-0.50901806,-0.45104992
0.4038937,0.73945653
-0.6900873,-0.35384345
0.3635528,0.38952518
-0.10680604,-0.5056751
0.1754626,0.6921419
-0.71601665,-0.78406906
-0.5320029,-0.46570885
-0.824154,-0.6932987
-0.7815032,-0.71021235
0.12337124,0.49490023
0.7263408,0.8249763
0.31851506,0.3084929
0.8219136,0.7080984
-0.22488856,-0.4756906
0.3424877,0.60193264
0.4727595,0.42230773
0.60150707,0.35133517
-0.76190734,-0.2946508
-0.7552682,-0.7873006
-0.6457393,-0.28288424
-0.7921636,-0.25389457
-0.6863433,-0.5820086
-0.67025995,-0.86006427
-0.6164292,-0.25584745
-0.3018967,-0.6281644
-0.21586955,-0.774737
0.55386305,0.45572448
-0.28655088,-0.37690413
0.56856465,0.57894707
-0.7284595,-0.62841666
-0.6178582,-0.6349405
0.5321716,0.1433587
-0.70740795,-0.26334202
-0.3088025,-0.4254651
-0.75763845,-0.5435302
-0.1521554,-0.35171425
-0.42018008,-0.820132
0.5059104,0.20649397
-0.24739957,-0.20420325
0.26071,0.6213192
-0.68419564,-0.23184347
0.61114347,0.43557596
-0.7027832,-0.31213045
-0.6311494,-0.85702085
-0.38290274,-0.52854264
-0.58284044,-0.74502265
0.23448086,0.65024316
-0.38700998,-0.63266635
-0.20894086,-0.42448664
-0.1771518,-0.6069472
-0.46982872,-0.6409533
-0.540256,-0.378016
0.5804788,0.67701674
-0.28629577,-0.32042658
0.20629144,0.33090508
0.5875397,0.6856935
-0.26299667,-0.18620908
-0.5638112,-0.2508508
-0.630206,-0.56097686
-0.63716614,-0.1705128
0.30124414,0.19894195
0.39539957,0.21751916
-0.4015398,-0.3528334
0.5895735,0.87893593
0.5089381,0.1958698
-0.32496667,-0.44485545
-0.6256025,-0.18492126
0.28892863,0.46358335
0.6178796,0.33112764
-0.35220814,-0.2156707
-0.815658,-0.509434
-0.21085334,-0.5322101
-0.56499755,-0.5824834
0.60174453,0.57505596
0.5180731,0.14815986
0.69546604,0.6798649
-0.2367984,-0.3574164
0.41316485,0.19733787
0.53864324,0.15695894
-0.48419654,-0.30444586
0.6488025,0.35952675
0.54693043,0.80969596
0.49035037,0.80243886
-0.49862015,-0.28316712
-0.70117426,-0.77728105
-0.23361087,-0.69093895
0.18300056,0.4673338
-0.46755064,-0.1582433
0.1929642,0.5232632
0.72186947,0.5780474
0.1763475,0.4016199
-0.5632082,-0.16377306
0.18634486,0.7380922
0.18710089,0.27636075
-0.4728198,-0.4336257
-0.2948531,-0.7134284
-0.7709389,-0.24578035
0.4453858,0.37563348
-0.5000781,-0.78644574
0.4715563,0.27607417
-0.44063354,-0.38711166
-0.6752335,-0.20518684
0.5117309,0.18102694
-0.58300245,-0.62085116
0.62784874,0.38160598
0.5542506,0.6046041
0.78083646,0.35447598
0.1130358,0.48765206
-0.62067795,-0.5411347
-0.46457422,-0.21844709
-0.39634418,-0.7925086
-0.2414738,-0.66538393
-0.33748507,-0.13879573
0.28015018,0.56069183
0.74493515,0.7713648
-0.19764173,-0.6363983
-0.414289,-0.585291
0.545243,0.2514696
0.36439705,0.2870822
0.14347374,0.4838121
0.6871438,0.3251028
-0.26090598,-0.18301666
0.73449767,0.5179548
-0.1075989,-0.46118867
-0.5449108,-0.89286745
0.45596528,0.64616656
-0.7597575,-0.49336517
0.5165305,0.44049883
-0.50439143,-0.7199377
-0.45185924,-0.7416812
0.21710253,0.2980473
-0.776896,-0.73238647
0.2262429,0.3052448
-0.41379714,-0.5137094
-0.30587876,-0.605621
-0.5932003,-0.7615148
-0.33370566,-0.5131805
0.68830466,0.7079629
0.3916893,0.23891485
-0.55155826,-0.19573939
0.44753015,0.40817678
0.733933,0.21169329
0.53019,0.78580594
0.32925153,0.28582346
0.7015277,0.40136755
0.21512449,0.4993893
0.77132034,0.34022224
-0.6721405,-0.7419125
-0.60353136,-0.22067499
-0.7646122,-0.579527
-0.6944212,-0.5613736
0.41297638,0.26510704
0.8200799,0.2682501
0.19749749,0.6781417
-0.6362176,-0.28468657
-0.17461514,-0.65629506
0.6056304,0.64806867
-0.41329038,-0.36878884
-0.67892337,-0.85244524
-0.46597672,-0.13166177
-0.7547903,-0.2833736
0.80388236,0.7402911
-0.6260537,-0.3698758
0.42774153,0.7881594
-0.6737641,-0.7038069
0.30194187,0.7059039
-0.38083827,-0.35088444
-0.5204351,-0.22644329
-0.37058008,-0.5780747
-0.76969075,-0.54776454
-0.32469392,-0.4071648
0.5516745,0.7475064
-0.20418417,-0.56252384
-0.44271958,-0.8520727
-0.57198966,-0.608387
0.65285265,0.40356076
-0.70721626,-0.22711337
0.18480206,0.4166658
-0.17919421,-0.49988103
0.5091461,0.27216506
-0.569934,-0.45958948
0.69487214,0.8460263
0.6544814,0.311239
-0.34018373,-0.2350545
-0.65918624,-0.23218286
0.67044544,0.3179351
-0.47096276,-0.35018468
0.826987,0.49599648
-0.72249806,-0.73141146
-0.734061,-0.46727383
-0.6536232,-0.28913224
0.21741056,0.40117013
-0.8127415,-0.6042808
-0.39584076,-0.20708776
0.7563559,0.24558306
-0.25291038,-0.7870964
-0.29189372,-0.6682062
-0.7601527,-0.7429352
0.82500756,0.5006522
0.33357012,0.16608548
0.6090177,0.7296901
-0.7330985,-0.5248147
-0.51280355,-0.8893677
0.62414205,0.38419318
-0.46844888,-0.7022729
0.48203194,0.7958822
0.8739767,0.5554552
-0.38290787,-0.6634375
-0.7191955,-0.4288535
0.6220304,0.40118992
0.51321375,0.36963415
-0.49312997,-0.26554704
-0.43371987,-0.79860556
0.5093217,0.89728844
0.7462928,0.5971693
0.3771602,0.77930796
0.19908941,0.47829533
0.5264244,0.56754196
0.8378067,0.6078764
-0.32613564,-0.33795822
-0.4749583,-0.38873482
-0.6252476,-0.27803588
-0.7159054,-0.7662709
0.7483542,0.8059951
-0.612779,-0.6545514
-0.20092082,-0.46882427
0.38156664,0.5132781
-0.55976546,-0.81957805
0.8626393,0.64063895
0.50453186,0.33453202
-0.67796504,-0.72120166
0.50294447,0.6724533
-0.2640282,-0.7251954
-0.23877013,-0.6263863
0.6639075,0.30771184
-0.20889378,-0.55136585
-0.5690526,-0.40174425
-0.11068237,-0.47850406
0.1663034,0.2858945
0.63281596,0.5343598
-0.3416463,-0.24111366
0.39613318,0.7144929
-0.44026792,-0.11971688
0.552745,0.21792519
0.1288687,0.4414227
0.7146963,0.5070008
0.28181314,0.64031434
-0.11817777,-0.54408586
0.5625099,0.8422288
-0.2984494,-0.4182732
-0.5802237,-0.27138197
0.3725437,0.19680989
0.12957156,0.55951726
0.27993953,0.37263572
0.48940384,0.38400066
0.20884347,0.43953443
0.13946545,0.44895208
-0.30293894,-0.15434742
-0.5966666,-0.3022362
-0.60922325,-0.38355148
0.19609833,0.41786134
0.58827245,0.7474189
0.53087986,0.5469451
-0.43551219,-0.816486
-0.2780198,-0.21815217
-0.6763698,-0.3982638
0.21683335,0.44461524
-0.6807679,-0.3133974
-0.7544694,-0.767362
-0.22649622,-0.28403044
-0.10142994,-0.4677037
0.69896185,0.60650134
-0.19629419,-0.37522793
0.54425776,0.3802445
0.3649491,0.5454141
0.5593585,0.14096189
0.23943675,0.60994196
0.57241654,0.1460985
-0.7076235,-0.56328154
0.3055036,0.23049855
-0.6090121,-0.5019479
-0.22482538,-0.5368862
-0.44794548,-0.45717287
-0.61129797,-0.15593052
0.6874341,0.25214803
0.5416236,0.1082499
0.41655183,0.18401623
-0.5100466,-0.74065113
0.27429938,0.2593
-0.7412605,-0.75175905
-0.26446915,-0.28438258
-0.19416237,-0.5179906
-0.60365653,-0.13477445
-0.57478666,-0.82504714
-0.7409042,-0.7160115
0.64391816,0.2760185
0.30247056,0.55707157
-0.20888782,-0.7071712
-0.78052413,-0.73719645
0.5595356,0.31731617
0.70790935,0.734254
0.22768092,0.7117083
-0.24105644,-0.4985975
0.39185536,0.70208037
-0.39631987,-0.5698794
-0.18498898,-0.71106756
-0.75658345,-0.27337742
0.23118031,0.22167361
-0.5569347,-0.42713773
0.6445521,0.737815
0.7393439,0.6597513
-0.5057453,-0.8479893
0.7389829,0.5045736
0.47697031,0.7250087
0.66486526,0.25023305
0.19828999,0.42597306
0.79224753,0.23198557
0.26555693,0.24483824
-0.2546774,-0.34687674
0.28939855,0.7446643
-0.60058606,-0.6311573
0.20592558,0.62712073
0.12528706,0.3655628
-0.5139704,-0.7698345
0.68742096,0.31673372
0.5732907,0.5261351
-0.4641739,-0.66113484
-0.75843537,-0.73270106
-0.6657226,-0.25822866
-0.6483941,-0.8541666
-0.67731416,-0.71880376
-0.3464198,-0.23887968
-0.42409158,-0.46529937
-0.43366396,-0.42193758
-0.6406987,-0.8733411
0.77682304,0.3066628
0.6117747,0.83075345
0.39038515,0.6585612
0.3577205,0.29061258
0.6241571,0.2287308
0.6295966,0.27036166
-0.3906771,-0.53341043
-0.5593313,-0.8570688
-0.7591498,-0.58485687
-0.45939207,-0.61915743
0.41628683,0.8888571
0.809407,0.490636
0.7965746,0.28378558
-0.2528702,-0.19202435
0.8613349,0.45092523
0.31071532,0.61584985
-0.4009564,-0.8259454
0.34642994,0.18862045
-0.41857278,-0.3026724
0.62851584,0.6825013
-0.7019247,-0.530053
0.17370307,0.2779156
0.5288267,0.57994425
0.7377018,0.5951923
-0.78869665,-0.34064996
-0.72344506,-0.6679965
0.2999015,0.2365073
0.24154007,0.29118276
-0.20651698,-0.44777548
0.5279927,0.23299026
-0.26829422,-0.6193472
0.25164402,0.6455884
-0.5756208,-0.40947664
0.28471446,0.72964656
0.16996741,0.56208277
0.31863415,0.25250173
-0.20899558,-0.39274526
0.74313426,0.23625839
0.630844,0.4519651
-0.8727535,-0.45278192
0.25998807,0.6791512
0.68165886,0.47407472
-0.8000859,-0.7423451
0.37338173,0.6011133
0.64336765,0.26941204
-0.3713262,-0.81212807
0.33811355,0.48899984
-0.67676425,-0.39994752
0.51986516,0.79448175
-0.40673244,-0.4667114
0.5917233,0.17566812
-0.43189085,-0.4115224
-0.5799259,-0.83116734
0.23930216,0.29496288
-0.25858474,-0.56307197
-0.40606558,-0.795673
0.77159643,0.45324993
0.7294333,0.3494568
-0.25120354,-0.37543523
-0.6456903,-0.2316271
-0.5554347,-0.5945183
0.51177144,0.24773192
-0.47105014,-0.24207759
-0.5634935,-0.88923204
-0.59723663,-0.440207
-0.35546243,-0.3901688
-0.48594737,-0.85481703
0.6608279,0.40833282
0.46109545,0.22242677
0.15557396,0.35084713
0.76887834,0.5222039
0.3201021,0.7851583
0.7142036,0.51307654
-0.58533525,-0.62838244
0.5560833,0.38666832
-0.3871386,-0.17917335
0.6781566,0.36369693
-0.43349183,-0.29549384
0.88561285,0.45533514
-0.6310408,-0.42492044
-0.3481902,-0.27585518
0.40928006,0.12945771
-0.4784708,-0.624637
0.39558768,0.72601795
-0.42265403,-0.24045515
0.7842636,0.2399596
0.20238316,0.59418726
-0.82946825,-0.64999104
0.6988739,0.8459487
-0.5578792,-0.58288085
-0.8144705,-0.3167423
-0.33842897,-0.6909307
-0.1627413,-0.4150232
0.7189909,0.23476434
0.62156606,0.4232738
-0.64017296,-0.5803002
-0.303959,-0.51235545
-0.82000184,-0.3488376
0.5439129,0.8845804
-0.75701785,-0.68079376
-0.67516685,-0.26145923
0.27207112,0.4559723
0.84416497,0.3750037
-0.6769998,-0.5405309
-0.63390064,-0.25717044
0.6929828,0.49468768
0.41498208,0.4116038
0.4169835,0.20948052
-0.5506469,-0.89638615
0.51716495,0.4470744
0.62753546,0.38441718
0.12987351,0.42192066
-0.8005111,-0.3271978
0.61111856,0.7228683
-0.8147001,-0.73520756
-0.16348839,-0.46291137
0.35386944,0.46886492
-0.42490458,-0.4655329
-0.3533808,-0.18962324
0.26598454,0.509766
0.14625204,0.6867032
-0.55793107,-0.12343669
0.8609407,0.37386334
0.51778257,0.536896
-0.3988037,-0.17722893
0.8522357,0.64433503
0.40592968,0.5249131
-0.5702641,-0.3590473
-0.36334288,-0.3147174
-0.79758596,-0.63763976
-0.34032822,-0.8013445
0.5015099,0.10054386
0.7407181,0.7555624
0.41898966,0.67911625
-0.49782097,-0.5110644
-0.24960291,-0.30152416
0.23721647,0.23246515
0.23860753,0.67360795
-0.14375997,-0.4025581
-0.36626434,-0.24391437
-0.50789905,-0.40720606
-0.43141747,-0.32708812
-0.18441987,-0.2681836
-0.2566141,-0.6512629
0.83573866,0.59070826
0.49434328,0.5042615
-0.7808566,-0.39877546
-0.4155736,-0.2089839
0.2094748,0.4421103
-0.23750305,-0.7288954
-0.15321374,-0.40250826
0.7964268,0.6358551
-0.23308611,-0.43309486
0.77977026,0.5471735
0.58963346,0.7911632
-0.7647848,-0.6544261
-0.37488127,-0.27620745
0.4188311,0.7688488
-0.68027794,-0.22015572
0.2699684,0.8023784
0.3680042,0.5707346
-0.77316535,-0.47809672
0.39992797,0.4031235
-0.73212135,-0.4334228
-0.7591115,-0.38441753
-0.7647667,-0.29371154
-0.5035137,-0.79045796
-0.6625283,-0.3909508
-0.6077484,-0.84639525
-0.5693908,-0.61157453
0.36002254,0.25042915
-0.43182886,-0.72250175
0.27646458,0.47547817
-0.590333,-0.7703408
-0.38116074,-0.7511462
-0.24222851,-0.7802217
-0.6159644,-0.8825302
0.6136153,0.6555785
0.5291158,0.119733095
0.39697802,0.68883085
-0.7106919,-0.3939427
0.58858395,0.70555234
0.8790804,0.5080018
0.83632576,0.67519534
-0.80384696,-0.5380677
0.4807495,0.261343
0.4245441,0.5872731
-0.6136763,-0.48430932
-0.3499043,-0.49180043
-0.20431805,-0.45963728
0.44350076,0.13048708
0.47126925,0.4225726
0.71449614,0.3855325
0.24031854,0.49002898
-0.32587516,-0.30505574
-0.5332446,-0.46215725
0.79557145,0.56558037
-0.40680468,-0.30821443
0.2956227,0.32626867
-0.109796524,-0.46927118
0.52108943,0.6691489
0.56609464,0.18610668
0.500134,0.8465389
-0.85200775,-0.551829
-0.79139674,-0.6067897
0.6070719,0.68415284
0.42567253,0.46474266
-0.28742337,-0.78014576
0.17558992,0.32181776
-0.47543,-0.8330445
0.66887844,0.17923892
-0.7279906,-0.19848251
-0.4871186,-0.8701606
-0.52521944,-0.7711555
0.38813448,0.33545268
-0.5466912,-0.22035754
-0.33106446,-0.6238674
0.22018659,0.78141785
-0.61307037,-0.45251226
0.32313263,0.75306845
0.41415024,0.80128837
-0.38664067,-0.33070302
-0.14984822,-0.68269014
-0.6951432,-0.6737132
-0.33784437,-0.37885714
-0.32261384,-0.74124205
0.46627295,0.18546367
0.77469516,0.3529228
-0.31636226,-0.5082481
-0.4343636,-0.8089113
0.505028,0.2746687
-0.36397552,-0.19064307
0.1445136,0.6567768
-0.6228881,-0.72838664
0.7778659,0.28916752
0.72867846,0.65409577
0.86003685,0.59987605
-0.5599959,-0.34989893
-0.17375743,-0.69195557
0.7490884,0.53719974
0.7136451,0.30459654
0.5005057,0.7644143
0.555123,0.48342884
-0.61146176,-0.6137154
0.7161813,0.5229163
-0.14373815,-0.5332867
0.40425634,0.472
-0.6205704,-0.121925116
0.8782493,0.4646386
-0.43390155,-0.6928147
0.44051015,0.69042647
-0.2866404,-0.6272408
0.32632017,0.54962945
-0.7374004,-0.41257977
-0.6955892,-0.48287535
0.43777668,0.45335317
0.32280445,0.2626977
-0.85248494,-0.6672962
-0.5429416,-0.46173596
-0.39109766,-0.3789171
-0.24180686,-0.33366013
0.38751197,0.6840627
0.312554,0.5612005
-0.6234498,-0.41320658
-0.6910875,-0.7647681
-0.38869512,-0.3964703
0.36595702,0.14849961
0.7254033,0.72515976
0.41169024,0.5697999
0.61445665,0.3832649
0.6630542,0.7414851
-0.74626005,-0.798195
-0.25032556,-0.73373127
-0.3337947,-0.25001335
0.28886604,0.5898559
0.8740201,0.41140687
-0.44036102,-0.34169137
0.2508105,0.7021884
0.40230155,0.24173605
0.81802344,0.45511973
0.7762785,0.5376545
0.26850247,0.46076012
0.7722422,0.6479087
-0.5591494,-0.29601145
0.7212156,0.22520721
0.74706984,0.47368765
-0.32528162,-0.21001804
-0.5287224,-0.21331382
-0.58304346,-0.86554754
0.37450337,0.39451241
0.23203361,0.29984367
0.25213754,0.2899629
-0.6609751,-0.46198237
-0.37920856,-0.5321312
-0.39016128,-0.33214426
-0.7711191,-0.6428797
-0.5256336,-0.2574482
-0.39982128,-0.66414106
0.46277106,0.57271814
0.82490337,0.3673694
0.7519773,0.53000355
0.80515504,0.4719149
0.76177084,0.33001244
-0.776101,-0.63863635
-0.3346269,-0.37321937
0.7503542,0.74186623
0.5707518,0.8428539
0.50944793,0.40077424
-0.64349043,-0.29379487
-0.50296557,-0.78497386
0.43460274,0.42683697
0.5219927,0.39519346
0.80912614,0.33574915
-0.61720645,-0.2782408
0.5789529,0.39282346
-0.2596742,-0.2447344
-0.41442478,-0.55389893
-0.3153007,-0.5433482
0.32508564,0.16937637
-0.63366127,-0.47151792
-0.7361791,-0.4656378
0.549194,0.6793008
-0.6572733,-0.8508959
0.6917112,0.3153324
0.7515651,0.6312187
-0.7421379,-0.8060603
0.3390584,0.60755897
-0.7963619,-0.46982145
-0.17774796,-0.63272905
0.48369944,0.28459823
-0.22544086,-0.6291605
0.26217532,0.3107841
0.43489003,0.1720407
-0.74924743,-0.6937847
0.68342483,0.30835652
-0.37604582,-0.25939226
-0.22836244,-0.30763006
0.6681653,0.33356428
0.3075713,0.24486017
0.305745,0.44075847
0.73616874,0.29454076
-0.37608016,-0.87115216
0.8828753,0.6098119
-0.40483427,-0.48771417
0.6660508,0.5463033
0.6318027,0.45354438
0.32818604,0.4147979
-0.48073375,-0.82528806
-0.16218889,-0.628731
-0.32951176,-0.8025824
-0.6145588,-0.77393353
-0.3426546,-0.1584773
0.75948703,0.79607236
-0.45885527,-0.11434114
-0.23273754,-0.71572995
-0.4042083,-0.7343868
-0.7471943,-0.61490405
-0.4179275,-0.22801113
-0.48491812,-0.89713097
0.6345805,0.84823453
-0.16137552,-0.48430037
-0.13941026,-0.6637989
0.2564819,0.29593992
-0.6267321,-0.6449723
-0.27382445,-0.7430457
-0.27599108,-0.7943635
-0.46977055,-0.7521199
0.6795534,0.61729026
-0.6348958,-0.5893022
0.53127754,0.8899821
0.75314236,0.38764024
0.78120863,0.39410222
-0.58088696,-0.74831474
0.84830594,0.6589879
-0.5083395,-0.26484752
0.69778395,0.82529247
0.65409064,0.5441289
-0.43628943,-0.57259643
0.266034,0.39915776
-0.2349298,-0.4935763
0.3719294,0.72870994
-0.8805368,-0.51397514
0.7555455,0.6669432
-0.8426398,-0.47581148
-0.6984986,-0.42710102
0.4120394,0.5548173
0.69746745,0.80031276
-0.2372998,-0.22004437
-0.6830286,-0.37797666
0.728667,0.33935606
-0.6014118,-0.8230791
0.35054612,0.24029231
0.55940354,0.50364566
-0.27202058,-0.4422977
0.6541834,0.4458307
0.48250937,0.483868
-0.48670006,-0.50289166
0.25659466,0.25526476
-0.8184111,-0.4523523
-0.43738985,-0.5672685
-0.4024608,-0.56964076
-0.576887,-0.71500957
0.5760461,0.47802353
-0.54635334,-0.6107123
-0.28721976,-0.44168603
0.5674956,0.6164236
0.55634356,0.5236497
-0.3161707,-0.32436466
-0.56418705,-0.8470621
-0.832952,-0.5779586
0.7554345,0.27963758
-0.64916587,-0.65346634
0.8041626,0.2784034
0.5066283,0.8872652
-0.6282065,-0.844439
0.6095753,0.17028725
0.88578725,0.5281507
0.87872076,0.5577327
-0.7811934,-0.4916787
-0.11505747,-0.5285455
-0.37930214,-0.38024068
0.4159757,0.17891097
-0.716336,-0.8337165
-0.6153817,-0.7659675
-0.27035284,-0.6101662
-0.3563949,-0.8660587
-0.40830433,-0.18922818
0.5024488,0.7390145
0.5093353,0.21468472
-0.7547504,-0.4074198
0.4594761,0.23417294
0.7033564,0.3242061
-0.24183452,-0.73118734
-0.39662218,-0.5322648
0.74381304,0.46480453
-0.54339445,-0.6090927
0.46253395,0.59118724
-0.25207543,-0.41384292
-0.7814629,-0.4223956
-0.6061399,-0.84707916
-0.4618901,-0.4196447
-0.43080604,-0.12208927
-0.38622367,-0.66832936
-0.53102005,-0.7544284
-0.7157543,-0.7211342
0.2113074,0.27911532
-0.45415032,-0.3636247
0.62394536,0.5623529
0.74362624,0.24486089
0.80013,0.2589594
-0.4040836,-0.53722835
0.22763693,0.53045094
-0.33538675,-0.3162135
-0.26673377,-0.43944263
0.3318051,0.7754705
-0.30995834,-0.15395594
-0.7730856,-0.7916552
-0.35046136,-0.230896
0.6926805,0.8037933
0.6739335,0.38029575
-0.70826364,-0.5712429
-0.48061037,-0.7809315
-0.811036,-0.25548792
0.4407704,0.5850624
-0.3329941,-0.17030346
-0.51566434,-0.73702896
0.32564676,0.8092977
0.4354155,0.5566021
0.5674186,0.22663999
-0.7067964,-0.29203892
-0.51226187,-0.19970441
0.79754734,0.285115
0.2607565,0.30161548
0.5791248,0.22630918
0.3736298,0.17785764
-0.5916357,-0.66347766
-0.558301,-0.71575975
0.56174505,0.37417257
-0.62166536,-0.27012527
-0.34305918,-0.267622
0.70143473,0.39049184
0.66219187,0.6989198
0.28105056,0.26320302
0.5828266,0.67165685
-0.6455362,-0.8400601
0.6868371,0.3526039
0.21456218,0.69265676
0.25835955,0.752926
-0.6059269,-0.2703824
-0.6820822,-0.35360646
-0.2562722,-0.57807004
-0.7394669,-0.6842332
-0.83285356,-0.3850075
-0.2523681,-0.38497245
0.61451674,0.20907056
-0.4300444,-0.31656814
0.11019862,0.55610037
0.4878372,0.27240062
-0.7853339,-0.66896665
-0.64674044,-0.5989994
-0.54562247,-0.8378278
0.5199646,0.88573456
0.47102046,0.8347045
-0.56628466,-0.7068708
0.7317864,0.5912647
-0.7276375,-0.18249309
0.59404457,0.61363566
0.53199935,0.11491811
-0.7045177,-0.8019651
0.26538336,0.3982488
0.5682752,0.21673644
0.5494678,0.6010281
0.76065016,0.5818093
0.6535369,0.13768685
0.5170796,0.4467579
-0.67223465,-0.277619
-0.78628564,-0.67772245
0.5795176,0.41961455
0.39260006,0.77172935
0.3071246,0.6725193
0.5478624,0.48021364
-0.53755295,-0.102497816
0.46752512,0.6142169
-0.31316745,-0.34890902
0.2764901,0.33979988
0.7180717,0.73370755
0.35776973,0.7805755
-0.5204524,-0.30554926
0.17300999,0.7230605
-0.61899567,-0.46282506
0.58352065,0.45639968
0.70702934,0.55297303
-0.60639644,-0.3528117
-0.20600963,-0.6498585
0.8964391,0.45430028
0.3306073,0.5784676
0.7803248,0.22075689
0.5591483,0.43515027
0.5655483,0.8675355
-0.11645472,-0.40620077
-0.37983215,-0.696306
0.63400614,0.28225017
0.7394794,0.41828954
-0.4243896,-0.8354844
-0.27010882,-0.7015606
0.20751154,0.7474694
-0.75883186,-0.29468238
0.7192875,0.7261052
-0.38899446,-0.3589394
0.61871207,0.12694716
0.31051016,0.2705866
-0.57564676,-0.49255168
-0.5041921,-0.10819852
-0.3404603,-0.30282772
-0.32800245,-0.47248912
-0.8010931,-0.61206055
0.5319208,0.55594635
0.4648198,0.40099013
0.27922618,0.62511384
0.60229564,0.18423223
0.50802994,0.6752447
-0.32054973,-0.67461205
-0.28809333,-0.37177598
0.38852143,0.5570483
0.50763273,0.7454909
0.46785414,0.17920995
-0.8158628,-0.68679225
0.69498384,0.6377857
0.66263354,0.2523762
-0.71421015,-0.58135426
0.49370968,0.5137223
0.4807706,0.17383897
0.6151433,0.80273557
-0.30955195,-0.23370695
-0.65199196,-0.21696138
-0.27626383,-0.32511282
0.42921484,0.84477556
0.26302195,0.8101187
0.69960725,0.81592786
-0.68110025,-0.7376156
-0.3216095,-0.38161492
0.4225968,0.5678842
0.40490305,0.8091314
0.5996367,0.8753232
-0.54516685,-0.11400163
0.15836811,0.4100561
0.7334405,0.32664776
-0.22457826,-0.2620417
0.37096858,0.20675433
0.2960534,0.47291338
-0.54741764,-0.88421834
-0.6702008,-0.38705707
-0.5972996,-0.7133355
-0.7435553,-0.4209261
-0.108302236,-0.45640826
0.38554466,0.75011265
0.44292772,0.8040031
0.74437773,0.71368885
-0.33926725,-0.20188498
-0.41122103,-0.47757936
0.37129867,0.8168973
-0.22619355,-0.25963318
0.3747748,0.68780196
0.78659236,0.63508964
0.5301986,0.66458
-0.70217526,-0.77830327
0.63558936,0.18785489
-0.6570411,-0.6582103
-0.46374714,-0.7332028
0.72344387,0.5819231
-0.51617575,-0.15453279
0.5388298,0.42517972
-0.7233796,-0.65853095
-0.18016958,-0.27052367
0.31605065,0.33029318
0.66464305,0.53487206
-0.37235272,-0.6786667
0.51034105,0.5567726
0.6501864,0.3119012
0.34337664,0.60481906
0.31935954,0.35605693
-0.2159568,-0.6426333
-0.18370831,-0.62457705
-0.5564318,-0.72374
0.2734208,0.31152558
-0.55165374,-0.4452721
0.43675327,0.70773065
0.22652078,0.41615593
-0.7735195,-0.29810178
-0.2613827,-0.7809694
-0.41174936,-0.26979768
0.61408556,0.7520013
0.4734174,0.4535308
-0.5304289,-0.7861911
-0.6745688,-0.28831112
-0.623276,-0.6118845
-0.7830243,-0.2393353
-0.484815,-0.5450766
-0.40754163,-0.6725892
-0.7412542,-0.40807152
-0.36909127,-0.62185276
0.18615258,0.7326081
0.76741695,0.57200754
0.80533516,0.4051093
0.67739534,0.744339
0.7398782,0.18996716
-0.3474921,-0.8068391
0.20137,0.36101604
-0.5313144,-0.43335426
-0.318354,-0.6871722
0.20372546,0.417925
-0.1805712,-0.7180985
0.7107681,0.63242435
0.39718163,0.5647509
-0.705492,-0.752221
0.7365179,0.5431347
-0.28316426,-0.73824275
-0.22052574,-0.46262288
0.7870239,0.36649883
-0.20402968,-0.41457605
0.40883732,0.55178416
0.7334249,0.33399725
0.28718066,0.60837495
0.33818507,0.6091738
-0.6087537,-0.713058
-0.66534734,-0.27345383
-0.6313528,-0.82397604
0.81676686,0.5669372
0.43229282,0.5482638
-0.45796502,-0.38992953
0.69356906,0.5360371
-0.49889493,-0.5839231
0.849509,0.3994918
-0.5160831,-0.83108914
0.3861618,0.42515862
-0.12927043,-0.4658692
0.2592684,0.19751573
-0.4182179,-0.3051809
-0.72228,-0.81250215
0.33386588,0.21996665
0.22395551,0.6589922
0.3956746,0.29284167
-0.47863138,-0.5983504
-0.569551,-0.69655085
0.3137219,0.19547653
0.5318004,0.8828207
-0.84284854,-0.40067124
0.66231143,0.7740731
-0.5895357,-0.8062012
-0.7035638,-0.550985
0.6992028,0.64406025
0.32093585,0.8340019
-0.2927606,-0.27201188
0.20179498,0.66307795
0.17025542,0.59949946
-0.5370821,-0.77280045
-0.47562385,-0.7924987
0.5110785,0.61263967
-0.68762255,-0.77176833
0.40159917,0.169878
-0.81944335,-0.31023812
-0.27475452,-0.75645065
0.59855664,0.6639843
-0.26513898,-0.68834746
-0.6694323,-0.7450665
0.5047507,0.8965237
0.4565029,0.1029731
0.11591399,0.5342089
-0.19211805,-0.46941698
0.30495465,0.6495575
0.3714224,0.6994946
0.16400826,0.28573275
0.7640133,0.39247537
0.7467694,0.55236304
-0.37526047,-0.32591343
-0.4913112,-0.29696405
-0.36619747,-0.21445346
0.5927187,0.61012924
-0.78196836,-0.76512563
-0.51748824,-0.14802694
0.14075267,0.48383808
-0.31392217,-0.5735452
0.61732244,0.22541428
-0.8267864,-0.27390575
-0.53919876,-0.41967595
-0.6356411,-0.8036864
0.6017777,0.40256262
0.82800937,0.6302562
-0.5883045,-0.3301214
-0.28214502,-0.33131933
-0.5167757,-0.19067156
0.35779202,0.4381739
0.4055487,0.7013273
-0.2975422,-0.1713996
0.35100794,0.44650877
-0.24886549,-0.75138247
-0.70172334,-0.29104495
-0.27768612,-0.39887178
-0.5008148,-0.88184834
0.33666432,0.16483772
-0.71331203,-0.24260676
-0.7613845,-0.59484863
-0.3322264,-0.67938316
-0.69949627,-0.4537487
-0.21249652,-0.2982105
0.6213695,0.69052327
-0.6656383,-0.602
-0.76092577,-0.5670996
-0.76010907,-0.3164339
-0.5629525,-0.45093703
0.50284743,0.81847084
0.12529397,0.36991227
0.14419079,0.34062266
-0.41997397,-0.31751132
-0.47862816,-0.32104564
-0.24609125,-0.41457617
-0.7069273,-0.6114534
-0.6261003,-0.4345677
-0.55726707,-0.6078335
-0.3961991,-0.5488734
-0.55647695,-0.30225742
0.4190185,0.4664383
-0.52929723,-0.31184506
0.47926784,0.43879473
0.29373384,0.7900603
0.2757721,0.29256117
-0.57669413,-0.7186774
0.708261,0.51077807
-0.19305074,-0.50415516
0.39681506,0.52287793
-0.4098568,-0.1310023
-0.17208791,-0.4551916
-0.31986713,-0.6385834
-0.68083644,-0.4853239
0.6404103,0.3045535
-0.5353662,-0.20752096
0.5098368,0.11163664
-0.60073066,-0.41484284
0.84021497,0.6843971
0.7179177,0.3831936
-0.5332798,-0.25908995
-0.57012665,-0.49164188
-0.59177303,-0.8582326
0.54837656,0.1282618
0.1905284,0.46354854
-0.46700323,-0.46277177
-0.8790666,-0.55832756
0.8488039,0.5399715
-0.5686207,-0.41788912
-0.11256826,-0.5910387
-0.7193414,-0.5087012
-0.13176215,-0.6513524
-0.65740633,-0.7347357
-0.58329487,-0.20890558
-0.5932474,-0.723088
-0.28419268,-0.67733634
0.5585834,0.25099432
