0.25225,2.0
0.25225,3.0
0.25225,4.0
0.25225,5.0
0.23875,6.0
0.24275,7.0
0.23625,8.0
0.2325,9.0
0.23225,10.0
0.23575,11.0
0.23525,12.0
0.236,13.0
0.2365,14.0
0.2375,15.0
0.23775,16.0
0.23825,17.0
0.23825,18.0
0.23825,19.0
0.2385,20.0
0.2395,21.0
0.28025,22.0
0.2945,23.0
0.29525,24.0
0.29025,25.0
0.28025,26.0
0.27525,27.0
0.2735,28.0
0.27075,29.0
0.27025,30.0
0.27075,31.0
0.2705,32.0
0.2705,33.0
0.27075,34.0
0.2715,35.0
0.2715,36.0
0.27125,37.0
0.2715,38.0
0.27225,39.0
0.272,40.0
0.27225,41.0
0.272,42.0
0.27225,43.0
0.2735,44.0
0.27425,45.0
0.275,46.0
0.2755,47.0
0.27575,48.0
0.276,49.0
0.27625,50.0
0.2765,51.0
0.27675,52.0
0.277,53.0
0.2775,54.0
0.278,55.0
0.2785,56.0
0.27875,57.0
0.2795,58.0
0.28075,59.0
0.28125,60.0
0.28175,61.0
0.2825,62.0
0.283,63.0
0.28325,64.0
0.28375,65.0
0.2845,66.0
0.2845,67.0
0.285,68.0
0.2855,69.0
0.286,70.0
0.2875,71.0
0.288,72.0
0.2885,73.0
0.2895,74.0
0.29075,75.0
0.2915,76.0
0.29325,77.0
0.294,78.0
0.295,79.0
0.2965,80.0
0.29825,81.0
0.29875,82.0
0.3,83.0
0.30125,84.0
0.3025,85.0
0.30375,86.0
0.30475,87.0
0.30625,88.0
0.3075,89.0
0.3115,90.0
0.31475,91.0
0.316,92.0
0.32,93.0
0.32275,94.0
0.32425,95.0
0.3255,96.0
0.3265,97.0
0.325,98.0
0.32425,99.0
0.3235,100.0
0.32275,101.0
0.323,102.0
0.3225,103.0
0.32325,104.0
0.326,105.0
0.32725,106.0
0.32975,107.0
0.3315,108.0
0.3345,109.0
0.33475,110.0
0.3375,111.0
0.33925,112.0
0.338,113.0
0.335,114.0
0.33375,115.0
0.33275,116.0
0.32725,117.0
0.32475,118.0
0.31975,119.0
0.31525,120.0
0.30975,121.0
0.306,122.0
0.30175,123.0
0.30275,124.0
0.303,125.0
0.30925,126.0
0.31,127.0
0.312,128.0
0.3125,129.0
0.316,130.0
0.31975,131.0
0.32425,132.0
0.329,133.0
0.3325,134.0
0.3365,135.0
0.339,136.0
0.344,137.0
0.346,138.0
0.349,139.0
0.35,140.0
0.35275,141.0
0.35575,142.0
0.35675,143.0
0.36125,144.0
0.365,145.0
0.3655,146.0
0.368,147.0
0.3685,148.0
0.371,149.0
0.371,150.0
0.37125,151.0
0.3705,152.0
0.37175,153.0
0.3715,154.0
0.37575,155.0
0.40425,156.0
0.40225,157.0
0.39625,158.0
0.39525,159.0
0.39625,160.0
0.397,161.0
0.39725,162.0
0.3965,163.0
0.39625,164.0
0.39625,165.0
0.39625,166.0
0.39575,167.0
0.3965,168.0
0.3965,169.0
0.3975,170.0
0.39775,171.0
0.398,172.0
0.39825,173.0
0.39825,174.0
0.39875,175.0
0.399,176.0
0.399,177.0
0.39925,178.0
0.39975,179.0
0.4,180.0
0.4005,181.0
0.40075,182.0
0.40075,183.0
0.401,184.0
0.4005,185.0
0.40075,186.0
0.401,187.0
0.401,188.0
0.40075,189.0
0.4015,190.0
0.40125,191.0
0.4015,192.0
0.401,193.0
0.4005,194.0
0.40075,195.0
0.40075,196.0
0.40075,197.0
0.40075,198.0
0.40125,199.0
0.4015,200.0
0.40125,201.0
0.40125,202.0
0.40125,203.0
0.4015,204.0
0.40125,205.0
0.402,206.0
0.40225,207.0
0.40175,208.0
0.4015,209.0
0.40125,210.0
0.40125,211.0
0.401,212.0
0.401,213.0
0.401,214.0
0.40075,215.0
0.40075,216.0
0.401,217.0
0.401,218.0
0.40025,219.0
0.4,220.0
0.40025,221.0
0.39975,222.0
0.39975,223.0
0.399,224.0
0.39875,225.0
0.39875,226.0
0.3985,227.0
0.398,228.0
0.398,229.0
0.39725,230.0
0.39725,231.0
0.39725,232.0
0.397,233.0
0.39675,234.0
0.3965,235.0
0.39625,236.0
0.39575,237.0
0.39575,238.0
0.3955,239.0
0.39525,240.0
0.39475,241.0
0.39475,242.0
0.39475,243.0
0.39475,244.0
0.39525,245.0
0.39475,246.0
0.395,247.0
0.39575,248.0
0.3955,249.0
0.39525,250.0
0.3955,251.0
0.3955,252.0
0.39575,253.0
0.39575,254.0
0.39575,255.0
0.39575,256.0
0.39575,257.0
0.39575,258.0
0.396,259.0
0.39675,260.0
0.39775,261.0
0.3975,262.0
0.3985,263.0
0.39925,264.0
0.4,265.0
0.40075,266.0
0.40175,267.0
0.40225,268.0
0.40325,269.0
0.40475,270.0
0.406,271.0
0.40925,272.0
0.41075,273.0
0.41275,274.0
0.41375,275.0
0.4155,276.0
0.4175,277.0
0.4195,278.0
0.42225,279.0
0.42825,280.0
0.45725,281.0
0.46525,282.0
0.4715,283.0
0.47725,284.0
0.482,285.0
0.48675,286.0
0.49,287.0
0.49375,288.0
0.4985,289.0
0.5015,290.0
0.504,291.0
0.5075,292.0
0.5095,293.0
0.51225,294.0
0.5155,295.0
0.51825,296.0
0.5205,297.0
0.523,298.0
0.5245,299.0
0.52725,300.0
0.52925,301.0
0.53175,302.0
0.53325,303.0
0.5345,304.0
0.53625,305.0
0.5375,306.0
0.54025,307.0
0.54175,308.0
0.544,309.0
0.54575,310.0
0.54725,311.0
0.5485,312.0
0.54925,313.0
0.551,314.0
0.551,315.0
0.55325,316.0
0.554,317.0
0.5555,318.0
0.55575,319.0
0.55675,320.0
0.55725,321.0
0.557,322.0
0.55725,323.0
0.55825,324.0
0.55725,325.0
0.5575,326.0
0.55875,327.0
0.559,328.0
0.55975,329.0
0.5605,330.0
0.56025,331.0
0.55975,332.0
0.55925,333.0
0.55875,334.0
0.5585,335.0
0.55775,336.0
0.5555,337.0
0.55475,338.0
0.55475,339.0
0.55475,340.0
0.55425,341.0
0.5535,342.0
0.5535,343.0
0.55275,344.0
0.553,345.0
0.553,346.0
0.55375,347.0
0.5535,348.0
0.553,349.0
0.553,350.0
0.55325,351.0
0.55325,352.0
0.553,353.0
0.55325,354.0
0.554,355.0
0.5545,356.0
0.55475,357.0
0.55425,358.0
0.55425,359.0
0.5495,360.0
0.586,361.0
0.59825,362.0
0.601,363.0
0.6055,364.0
0.60775,365.0
0.61125,366.0
0.6125,367.0
0.6135,368.0
0.61275,369.0
0.61325,370.0
0.61175,371.0
0.61325,372.0
0.61425,373.0
0.61525,374.0
0.61475,375.0
0.6155,376.0
0.61675,377.0
0.61825,378.0
0.62,379.0
0.62175,380.0
0.62325,381.0
0.62425,382.0
0.62425,383.0
0.625,384.0
0.6255,385.0
0.627,386.0
0.629,387.0
0.63,388.0
0.63025,389.0
0.63125,390.0
0.632,391.0
0.63275,392.0
0.63425,393.0
0.63525,394.0
0.63625,395.0
0.636,396.0
0.63625,397.0
0.63675,398.0
0.63825,399.0
0.63925,400.0
0.6395,401.0
0.64025,402.0
0.6405,403.0
0.6415,404.0
0.6425,405.0
0.643,406.0
0.643,407.0
0.643,408.0
0.643,409.0
0.64325,410.0
0.64325,411.0
0.64375,412.0
0.64425,413.0
0.64425,414.0
0.64475,415.0
0.64525,416.0
0.64575,417.0
0.64575,418.0
0.6465,419.0
0.6465,420.0
0.647,421.0
0.64725,422.0
0.64775,423.0
0.6485,424.0
0.6485,425.0
0.6485,426.0
0.649,427.0
0.64925,428.0
0.64975,429.0
0.65,430.0
0.65025,431.0
0.65025,432.0
0.6505,433.0
0.65075,434.0
0.651,435.0
0.65125,436.0
0.65125,437.0
0.65125,438.0
0.6515,439.0
0.651,440.0
0.65175,441.0
0.652,442.0
0.65225,443.0
0.65225,444.0
0.65225,445.0
0.65275,446.0
0.653,447.0
0.653,448.0
0.6535,449.0
0.6535,450.0
0.65375,451.0
0.6545,452.0
0.65425,453.0
0.654,454.0
0.654,455.0
0.65425,456.0
0.6545,457.0
0.655,458.0
0.655,459.0
0.65575,460.0
0.656,461.0
0.656,462.0
0.65675,463.0
0.65675,464.0
0.65675,465.0
0.65675,466.0
0.657,467.0
0.657,468.0
0.6575,469.0
0.6575,470.0
0.658,471.0
0.658,472.0
0.65825,473.0
0.65825,474.0
0.65875,475.0
0.659,476.0
0.659,477.0
0.659,478.0
0.659,479.0
0.6595,480.0
0.6595,481.0
0.6595,482.0
0.6595,483.0
0.65975,484.0
0.65975,485.0
0.65975,486.0
0.65975,487.0
0.6595,488.0
0.6595,489.0
0.6595,490.0
0.65975,491.0
0.66,492.0
0.65975,493.0
0.65975,494.0
0.65975,495.0
0.65975,496.0
0.65975,497.0
0.66,498.0
0.66025,499.0
0.66025,500.0
0.6605,501.0
0.6605,502.0
0.66075,503.0
0.66075,504.0
0.66075,505.0
0.6605,506.0
0.66025,507.0
0.6605,508.0
0.6605,509.0
0.6605,510.0
0.6605,511.0
0.66075,512.0
0.66075,513.0
0.66075,514.0
0.661,515.0
0.66125,516.0
0.661,517.0
0.66075,518.0
0.661,519.0
0.661,520.0
0.661,521.0
0.66125,522.0
0.66125,523.0
0.66125,524.0
0.66125,525.0
0.66125,526.0
0.6615,527.0
0.66125,528.0
0.6615,529.0
0.6615,530.0
0.6615,531.0
0.66175,532.0
0.66175,533.0
0.66175,534.0
0.66175,535.0
0.66225,536.0
0.66225,537.0
0.6625,538.0
0.6625,539.0
0.6625,540.0
0.6625,541.0
0.663,542.0
0.66325,543.0
0.66325,544.0
0.66325,545.0
0.6635,546.0
0.6635,547.0
0.6635,548.0
0.66375,549.0
0.664,550.0
0.664,551.0
0.664,552.0
0.6645,553.0
0.66475,554.0
0.66475,555.0
0.665,556.0
0.665,557.0
0.66525,558.0
0.66525,559.0
0.666,560.0
0.666,561.0
0.666,562.0
0.66575,563.0
0.66575,564.0
0.66575,565.0
0.66575,566.0
0.66575,567.0
0.666,568.0
0.666,569.0
0.666,570.0
0.66625,571.0
0.66625,572.0
0.66625,573.0
0.666,574.0
0.666,575.0
0.666,576.0
0.66625,577.0
0.6665,578.0
0.6665,579.0
0.66675,580.0
0.66675,581.0
0.66675,582.0
0.667,583.0
0.667,584.0
0.667,585.0
0.66725,586.0
0.66725,587.0
0.66725,588.0
0.66725,589.0
0.66725,590.0
0.66725,591.0
0.66725,592.0
0.6675,593.0
0.66775,594.0
0.66775,595.0
0.668,596.0
0.66775,597.0
0.66775,598.0
0.668,599.0
0.66825,600.0
0.66825,601.0
0.66825,602.0
0.6685,603.0
0.66875,604.0
0.66875,605.0
0.66875,606.0
0.6685,607.0
0.6685,608.0
0.66875,609.0
0.66925,610.0
0.66925,611.0
0.66925,612.0
0.6695,613.0
0.6695,614.0
0.6695,615.0
0.6695,616.0
0.6695,617.0
0.6695,618.0
0.66975,619.0
0.66975,620.0
0.66975,621.0
0.67,622.0
0.67,623.0
0.67,624.0
0.67,625.0
0.67,626.0
0.67,627.0
0.67,628.0
0.67025,629.0
0.67025,630.0
0.6705,631.0
0.67075,632.0
0.67075,633.0
0.67075,634.0
0.671,635.0
0.671,636.0
0.671,637.0
0.67125,638.0
0.67125,639.0
0.67125,640.0
0.67125,641.0
0.67125,642.0
0.67125,643.0
0.67125,644.0
0.67125,645.0
0.67125,646.0
0.67125,647.0
0.67125,648.0
0.67125,649.0
0.67125,650.0
0.67125,651.0
0.67125,652.0
0.6715,653.0
0.6715,654.0
0.6715,655.0
0.6715,656.0
0.6715,657.0
0.672,658.0
0.672,659.0
0.672,660.0
0.672,661.0
0.67225,662.0
0.67225,663.0
0.67225,664.0
0.6725,665.0
0.67275,666.0
0.673,667.0
0.673,668.0
0.67325,669.0
0.673,670.0
0.67325,671.0
0.67325,672.0
0.67325,673.0
0.67325,674.0
0.67325,675.0
0.67325,676.0
0.67325,677.0
0.6735,678.0
0.67375,679.0
0.67375,680.0
0.67375,681.0
0.674,682.0
0.674,683.0
0.6745,684.0
0.6745,685.0
0.67475,686.0
0.675,687.0
0.675,688.0
0.675,689.0
0.675,690.0
0.675,691.0
0.675,692.0
0.67525,693.0
0.6755,694.0
0.67575,695.0
0.67575,696.0
0.676,697.0
0.676,698.0
0.67625,699.0
0.6765,700.0
0.6765,701.0
0.6765,702.0
0.67675,703.0
0.67675,704.0
0.67725,705.0
0.67725,706.0
0.6775,707.0
0.6775,708.0
0.6775,709.0
0.67775,710.0
0.67775,711.0
0.67775,712.0
0.67775,713.0
0.67775,714.0
0.67775,715.0
0.67775,716.0
0.67775,717.0
0.67775,718.0
0.67775,719.0
0.67775,720.0
0.67775,721.0
0.67775,722.0
0.67775,723.0
0.67775,724.0
0.67775,725.0
0.678,726.0
0.678,727.0
0.678,728.0
0.678,729.0
0.678,730.0
0.678,731.0
0.67875,732.0
0.679,733.0
0.679,734.0
0.679,735.0
0.679,736.0
0.67925,737.0
0.67925,738.0
0.67925,739.0
0.67925,740.0
0.67925,741.0
0.67925,742.0
0.67925,743.0
0.6795,744.0
0.67975,745.0
0.67975,746.0
0.67975,747.0
0.67975,748.0
0.68,749.0
0.68,750.0
0.68,751.0
0.68,752.0
0.68,753.0
0.68025,754.0
0.68025,755.0
0.68025,756.0
0.68025,757.0
0.68025,758.0
0.6805,759.0
0.68025,760.0
0.68025,761.0
0.68025,762.0
0.6805,763.0
0.6805,764.0
0.6805,765.0
0.6805,766.0
0.68075,767.0
0.68075,768.0
0.68075,769.0
0.68075,770.0
0.68075,771.0
0.68075,772.0
0.68075,773.0
0.68075,774.0
0.68075,775.0
0.6805,776.0
0.6805,777.0
0.68075,778.0
0.681,779.0
0.681,780.0
0.681,781.0
0.681,782.0
0.681,783.0
0.681,784.0
0.681,785.0
0.681,786.0
0.681,787.0
0.681,788.0
0.681,789.0
0.681,790.0
0.68125,791.0
0.681,792.0
0.681,793.0
0.68125,794.0
0.6815,795.0
0.682,796.0
0.682,797.0
0.682,798.0
0.682,799.0
0.68225,800.0
0.682,801.0
0.68225,802.0
0.68225,803.0
0.68225,804.0
0.68275,805.0
0.68275,806.0
0.683,807.0
0.683,808.0
0.683,809.0
0.683,810.0
0.68325,811.0
0.6835,812.0
0.6835,813.0
0.6835,814.0
0.6835,815.0
0.6835,816.0
0.6835,817.0
0.6835,818.0
0.6835,819.0
0.6835,820.0
0.6835,821.0
0.6835,822.0
0.6835,823.0
0.6835,824.0
0.6835,825.0
0.68375,826.0
0.68425,827.0
0.68425,828.0
0.6845,829.0
0.6845,830.0
0.68475,831.0
0.68475,832.0
0.68475,833.0
0.68475,834.0
0.68475,835.0
0.68475,836.0
0.68475,837.0
0.68475,838.0
0.685,839.0
0.685,840.0
0.685,841.0
0.685,842.0
0.685,843.0
0.68525,844.0
0.6855,845.0
0.6855,846.0
0.68575,847.0
0.686,848.0
0.68625,849.0
0.68625,850.0
0.68625,851.0
0.68625,852.0
0.68625,853.0
0.68675,854.0
0.68675,855.0
0.687,856.0
0.687,857.0
0.687,858.0
0.687,859.0
0.68725,860.0
0.68725,861.0
0.68725,862.0
0.68725,863.0
0.68725,864.0
0.68725,865.0
0.68725,866.0
0.68725,867.0
0.6875,868.0
0.6875,869.0
0.6875,870.0
0.6875,871.0
0.68775,872.0
0.68775,873.0
0.688,874.0
0.688,875.0
0.688,876.0
0.688,877.0
0.68775,878.0
0.68775,879.0
0.688,880.0
0.6885,881.0
0.6885,882.0
0.6885,883.0
0.68875,884.0
0.68875,885.0
0.689,886.0
0.689,887.0
0.68925,888.0
0.68925,889.0
0.68925,890.0
0.68925,891.0
0.68925,892.0
0.68925,893.0
0.68925,894.0
0.68925,895.0
0.68925,896.0
0.68925,897.0
0.68925,898.0
0.68925,899.0
0.68925,900.0
0.68925,901.0
0.68925,902.0
0.68925,903.0
0.6895,904.0
0.6895,905.0
0.68975,906.0
0.69,907.0
0.69,908.0
0.68975,909.0
0.68975,910.0
0.68975,911.0
0.69,912.0
0.69,913.0
0.69,914.0
0.69,915.0
0.69,916.0
0.69,917.0
0.69,918.0
0.68975,919.0
0.68975,920.0
0.68975,921.0
0.68975,922.0
0.68975,923.0
0.68975,924.0
0.68975,925.0
0.68975,926.0
0.68975,927.0
0.68975,928.0
0.68975,929.0
0.68975,930.0
0.68975,931.0
0.68975,932.0
0.68975,933.0
0.68975,934.0
0.68975,935.0
0.69,936.0
0.69,937.0
0.69,938.0
0.69,939.0
0.69,940.0
0.69,941.0
0.69,942.0
0.69,943.0
0.69,944.0
0.69,945.0
0.69,946.0
0.69,947.0
0.69,948.0
0.69,949.0
0.69,950.0
0.69,951.0
0.69025,952.0
0.69025,953.0
0.69025,954.0
0.69025,955.0
0.69025,956.0
0.69025,957.0
0.69025,958.0
0.69,959.0
0.69025,960.0
0.69025,961.0
0.69025,962.0
0.69025,963.0
0.69,964.0
0.69,965.0
0.69,966.0
0.69,967.0
0.69,968.0
0.6905,969.0
0.6905,970.0
0.69075,971.0
0.69075,972.0
0.691,973.0
0.691,974.0
0.691,975.0
0.691,976.0
0.691,977.0
0.691,978.0
0.69125,979.0
0.69125,980.0
0.69125,981.0
0.69125,982.0
0.69125,983.0
0.69125,984.0
0.69125,985.0
0.69125,986.0
0.69125,987.0
0.69125,988.0
0.69125,989.0
0.69125,990.0
0.69125,991.0
0.69175,992.0
0.692,993.0
0.692,994.0
0.692,995.0
0.692,996.0
0.692,997.0
0.692,998.0
0.692,999.0
0.692,1000.0
0.69225,1001.0
0.69225,1002.0
0.69225,1003.0
0.69225,1004.0
0.6925,1005.0
0.6925,1006.0
0.6925,1007.0
0.69275,1008.0
0.69275,1009.0
0.69275,1010.0
0.69275,1011.0
0.69275,1012.0
0.69275,1013.0
0.69275,1014.0
0.6925,1015.0
0.69275,1016.0
0.69275,1017.0
0.69275,1018.0
0.69275,1019.0
0.69275,1020.0
0.693,1021.0
0.693,1022.0
0.693,1023.0
0.693,1024.0
0.693,1025.0
0.693,1026.0
0.693,1027.0
0.693,1028.0
0.693,1029.0
0.693,1030.0
0.693,1031.0
0.693,1032.0
0.693,1033.0
0.693,1034.0
0.69275,1035.0
0.69275,1036.0
0.693,1037.0
0.693,1038.0
0.693,1039.0
0.693,1040.0
0.693,1041.0
0.693,1042.0
0.693,1043.0
0.693,1044.0
0.69325,1045.0
0.6935,1046.0
0.6935,1047.0
0.6935,1048.0
0.6935,1049.0
0.69325,1050.0
0.69325,1051.0
0.69325,1052.0
0.69325,1053.0
0.6935,1054.0
0.6935,1055.0
0.6935,1056.0
0.6935,1057.0
0.6935,1058.0
0.6935,1059.0
0.6935,1060.0
0.6935,1061.0
0.6935,1062.0
0.69375,1063.0
0.69375,1064.0
0.69425,1065.0
0.69425,1066.0
0.69425,1067.0
0.69425,1068.0
0.69425,1069.0
0.69425,1070.0
0.69425,1071.0
0.69425,1072.0
0.69425,1073.0
0.69425,1074.0
0.69425,1075.0
0.69425,1076.0
0.69425,1077.0
0.69425,1078.0
0.69425,1079.0
0.69425,1080.0
0.69425,1081.0
0.69425,1082.0
0.69475,1083.0
0.695,1084.0
0.69525,1085.0
0.6955,1086.0
0.6955,1087.0
0.6955,1088.0
0.696,1089.0
0.696,1090.0
0.696,1091.0
0.696,1092.0
0.69575,1093.0
0.69575,1094.0
0.696,1095.0
0.696,1096.0
0.696,1097.0
0.696,1098.0
0.696,1099.0
0.69625,1100.0
0.69625,1101.0
0.6965,1102.0
0.6965,1103.0
0.6965,1104.0
0.6965,1105.0
0.6965,1106.0
0.69675,1107.0
0.697,1108.0
0.697,1109.0
0.69725,1110.0
0.69725,1111.0
0.69725,1112.0
0.69725,1113.0
0.69725,1114.0
0.69725,1115.0
0.6975,1116.0
0.6975,1117.0
0.6975,1118.0
0.6975,1119.0
0.6975,1120.0
0.6975,1121.0
0.6975,1122.0
0.6975,1123.0
0.6975,1124.0
0.6975,1125.0
0.6975,1126.0
0.6975,1127.0
0.6975,1128.0
0.6975,1129.0
0.6975,1130.0
0.6975,1131.0
0.6975,1132.0
0.6975,1133.0
0.6975,1134.0
0.6975,1135.0
0.6975,1136.0
0.69775,1137.0
0.69775,1138.0
0.69775,1139.0
0.69775,1140.0
0.698,1141.0
0.698,1142.0
0.698,1143.0
0.698,1144.0
0.698,1145.0
0.698,1146.0
0.69825,1147.0
0.69825,1148.0
0.69825,1149.0
0.69825,1150.0
0.6985,1151.0
0.69825,1152.0
0.6985,1153.0
0.6985,1154.0
0.6985,1155.0
0.6985,1156.0
0.6985,1157.0
0.6985,1158.0
0.69875,1159.0
0.69875,1160.0
0.69875,1161.0
0.69875,1162.0
0.69875,1163.0
0.69875,1164.0
0.69875,1165.0
0.69875,1166.0
0.699,1167.0
0.699,1168.0
0.699,1169.0
0.699,1170.0
0.699,1171.0
0.6995,1172.0
0.6995,1173.0
0.6995,1174.0
0.6995,1175.0
0.69925,1176.0
0.69925,1177.0
0.69925,1178.0
0.69925,1179.0
0.69925,1180.0
0.69925,1181.0
0.69925,1182.0
0.6995,1183.0
0.6995,1184.0
0.6995,1185.0
0.6995,1186.0
0.69975,1187.0
0.69975,1188.0
0.69975,1189.0
0.69975,1190.0
0.69975,1191.0
0.7,1192.0
0.7,1193.0
0.7,1194.0
0.7,1195.0
0.7,1196.0
0.7,1197.0
0.7,1198.0
0.7,1199.0
0.7,1200.0
0.7,1201.0
0.7,1202.0
0.7,1203.0
0.7,1204.0
0.7,1205.0
0.7,1206.0
0.7,1207.0
0.7,1208.0
0.70025,1209.0
0.70025,1210.0
0.7005,1211.0
0.70025,1212.0
0.70025,1213.0
0.70025,1214.0
0.70025,1215.0
0.70025,1216.0
0.70025,1217.0
0.70025,1218.0
0.70025,1219.0
0.70025,1220.0
0.70025,1221.0
0.70025,1222.0
0.70025,1223.0
0.70025,1224.0
0.70025,1225.0
0.70025,1226.0
0.70025,1227.0
0.7005,1228.0
0.7005,1229.0
0.7005,1230.0
0.7005,1231.0
0.7005,1232.0
0.7005,1233.0
0.7005,1234.0
0.7005,1235.0
0.7005,1236.0
0.7005,1237.0
0.7005,1238.0
0.7005,1239.0
0.7005,1240.0
0.7005,1241.0
0.7005,1242.0
0.7005,1243.0
0.7005,1244.0
0.70025,1245.0
0.70025,1246.0
0.70025,1247.0
0.70025,1248.0
0.70025,1249.0
0.70025,1250.0
0.70025,1251.0
0.7,1252.0
0.70025,1253.0
0.70025,1254.0
0.70025,1255.0
0.7,1256.0
0.69975,1257.0
0.69975,1258.0
0.7,1259.0
0.7,1260.0
0.7,1261.0
0.7,1262.0
0.7,1263.0
0.7,1264.0
0.69975,1265.0
0.69975,1266.0
0.69975,1267.0
0.69975,1268.0
0.69975,1269.0
0.69975,1270.0
0.69975,1271.0
0.7,1272.0
0.7,1273.0
0.7,1274.0
0.7,1275.0
0.7,1276.0
0.7,1277.0
0.7,1278.0
0.7,1279.0
0.7,1280.0
0.7,1281.0
0.7,1282.0
0.7,1283.0
0.69975,1284.0
0.69975,1285.0
0.7,1286.0
0.7,1287.0
0.7,1288.0
0.7,1289.0
0.7,1290.0
0.7,1291.0
0.7,1292.0
0.7,1293.0
0.7,1294.0
0.7,1295.0
0.7,1296.0
0.7,1297.0
0.7,1298.0
0.7,1299.0
0.7,1300.0
0.7,1301.0
0.7,1302.0
0.7,1303.0
0.7,1304.0
0.7,1305.0
0.70025,1306.0
0.7005,1307.0
0.7005,1308.0
0.7005,1309.0
0.7005,1310.0
0.7005,1311.0
0.7005,1312.0
0.7005,1313.0
0.70075,1314.0
0.70075,1315.0
0.70075,1316.0
0.70075,1317.0
0.70075,1318.0
0.70075,1319.0
0.70075,1320.0
0.70075,1321.0
0.70075,1322.0
0.70075,1323.0
0.70075,1324.0
0.701,1325.0
0.701,1326.0
0.70125,1327.0
0.70125,1328.0
0.70125,1329.0
0.70125,1330.0
0.70125,1331.0
0.70125,1332.0
0.70125,1333.0
0.70125,1334.0
0.7015,1335.0
0.7015,1336.0
0.7015,1337.0
0.7015,1338.0
0.7015,1339.0
0.7015,1340.0
0.7015,1341.0
0.7015,1342.0
0.7015,1343.0
0.70175,1344.0
0.70175,1345.0
0.70175,1346.0
0.70175,1347.0
0.70175,1348.0
0.70175,1349.0
0.70175,1350.0
0.70175,1351.0
0.70175,1352.0
0.70175,1353.0
0.70225,1354.0
0.70225,1355.0
0.70225,1356.0
0.70225,1357.0
0.70225,1358.0
0.70225,1359.0
0.70225,1360.0
0.70225,1361.0
0.70225,1362.0
0.70225,1363.0
0.70225,1364.0
0.70225,1365.0
0.70225,1366.0
0.70225,1367.0
0.702,1368.0
0.702,1369.0
0.702,1370.0
0.702,1371.0
0.702,1372.0
0.702,1373.0
0.70225,1374.0
0.70225,1375.0
0.70225,1376.0
0.70225,1377.0
0.70225,1378.0
0.70225,1379.0
0.70225,1380.0
0.70225,1381.0
0.70225,1382.0
0.70225,1383.0
0.70225,1384.0
0.70225,1385.0
0.7025,1386.0
0.7025,1387.0
0.7025,1388.0
0.7025,1389.0
0.7025,1390.0
0.7025,1391.0
0.7025,1392.0
0.7025,1393.0
0.7025,1394.0
0.7025,1395.0
0.7025,1396.0
0.7025,1397.0
0.7025,1398.0
0.7025,1399.0
0.7025,1400.0
0.7025,1401.0
0.7025,1402.0
0.7025,1403.0
0.7025,1404.0
0.7025,1405.0
0.7025,1406.0
0.70225,1407.0
0.70225,1408.0
0.70225,1409.0
0.70225,1410.0
0.70225,1411.0
0.70225,1412.0
0.70225,1413.0
0.702,1414.0
0.702,1415.0
0.702,1416.0
0.702,1417.0
0.702,1418.0
0.702,1419.0
0.702,1420.0
0.70175,1421.0
0.70175,1422.0
0.70175,1423.0
0.70175,1424.0
0.70175,1425.0
0.70175,1426.0
0.70175,1427.0
0.70175,1428.0
0.70175,1429.0
0.70175,1430.0
0.70175,1431.0
0.70175,1432.0
0.70175,1433.0
0.70175,1434.0
0.70175,1435.0
0.70175,1436.0
0.70175,1437.0
0.70175,1438.0
0.70175,1439.0
0.70175,1440.0
0.70175,1441.0
0.70175,1442.0
0.70175,1443.0
0.70175,1444.0
0.70175,1445.0
0.70175,1446.0
0.70175,1447.0
0.70175,1448.0
0.70175,1449.0
0.70225,1450.0
0.70225,1451.0
0.70225,1452.0
0.70225,1453.0
0.70225,1454.0
0.70225,1455.0
0.70225,1456.0
0.70225,1457.0
0.70225,1458.0
0.70225,1459.0
0.70225,1460.0
0.70225,1461.0
0.70225,1462.0
0.702,1463.0
0.702,1464.0
0.702,1465.0
0.70225,1466.0
0.70225,1467.0
0.70225,1468.0
0.70225,1469.0
0.70225,1470.0
0.70225,1471.0
0.70225,1472.0
0.70225,1473.0
0.70225,1474.0
0.702,1475.0
0.702,1476.0
0.702,1477.0
0.702,1478.0
0.702,1479.0
0.702,1480.0
0.702,1481.0
0.702,1482.0
0.702,1483.0
0.702,1484.0
0.702,1485.0
0.702,1486.0
0.702,1487.0
0.70175,1488.0
0.70175,1489.0
0.70175,1490.0
0.70175,1491.0
0.70175,1492.0
0.70175,1493.0
0.70175,1494.0
0.70175,1495.0
0.70175,1496.0
0.70175,1497.0
0.70175,1498.0
0.70175,1499.0
0.70175,1500.0
0.702,1501.0
0.702,1502.0
0.702,1503.0
0.702,1504.0
0.702,1505.0
0.702,1506.0
0.702,1507.0
0.70225,1508.0
0.70225,1509.0
0.70225,1510.0
0.70225,1511.0
0.70225,1512.0
0.70225,1513.0
0.70225,1514.0
0.70225,1515.0
0.702,1516.0
0.702,1517.0
0.702,1518.0
0.702,1519.0
0.702,1520.0
0.702,1521.0
0.702,1522.0
0.702,1523.0
0.702,1524.0
0.702,1525.0
0.702,1526.0
0.702,1527.0
0.702,1528.0
0.702,1529.0
0.702,1530.0
0.702,1531.0
0.702,1532.0
0.702,1533.0
0.702,1534.0
0.702,1535.0
0.702,1536.0
0.702,1537.0
0.702,1538.0
0.702,1539.0
0.702,1540.0
0.702,1541.0
0.702,1542.0
0.702,1543.0
0.702,1544.0
0.702,1545.0
0.70175,1546.0
0.70175,1547.0
0.70175,1548.0
0.70175,1549.0
0.70175,1550.0
0.70175,1551.0
0.70175,1552.0
0.70175,1553.0
0.70175,1554.0
0.702,1555.0
0.702,1556.0
0.702,1557.0
0.702,1558.0
0.702,1559.0
0.702,1560.0
0.702,1561.0
0.702,1562.0
0.702,1563.0
0.702,1564.0
0.702,1565.0
0.702,1566.0
0.702,1567.0
0.702,1568.0
0.702,1569.0
0.702,1570.0
0.702,1571.0
0.702,1572.0
0.702,1573.0
0.70225,1574.0
0.70225,1575.0
0.7025,1576.0
0.7025,1577.0
0.70275,1578.0
0.70275,1579.0
0.70275,1580.0
0.70275,1581.0
0.70275,1582.0
0.70275,1583.0
0.70275,1584.0
0.70275,1585.0
0.703,1586.0
0.703,1587.0
0.703,1588.0
0.703,1589.0
0.703,1590.0
0.703,1591.0
0.703,1592.0
0.703,1593.0
0.70275,1594.0
0.70275,1595.0
0.703,1596.0
0.703,1597.0
0.703,1598.0
0.703,1599.0
0.70325,1600.0
0.70325,1601.0
0.70325,1602.0
0.70325,1603.0
0.70325,1604.0
0.70325,1605.0
0.70325,1606.0
0.70325,1607.0
0.70325,1608.0
0.70325,1609.0
0.70325,1610.0
0.7035,1611.0
0.7035,1612.0
0.70325,1613.0
0.703,1614.0
0.70275,1615.0
0.70275,1616.0
0.70275,1617.0
0.70275,1618.0
0.70275,1619.0
0.70325,1620.0
0.70325,1621.0
0.70325,1622.0
0.70325,1623.0
0.70325,1624.0
0.70325,1625.0
0.70325,1626.0
0.70325,1627.0
0.70325,1628.0
0.70325,1629.0
0.7035,1630.0
0.70325,1631.0
0.70325,1632.0
0.70325,1633.0
0.70325,1634.0
0.70325,1635.0
0.70325,1636.0
0.70325,1637.0
0.70325,1638.0
0.70325,1639.0
0.70325,1640.0
0.70325,1641.0
0.70325,1642.0
0.70325,1643.0
0.70325,1644.0
0.70325,1645.0
0.70325,1646.0
0.70325,1647.0
0.70325,1648.0
0.70325,1649.0
0.70325,1650.0
0.70325,1651.0
0.70325,1652.0
0.70325,1653.0
0.7035,1654.0
0.7035,1655.0
0.7035,1656.0
0.7035,1657.0
0.7035,1658.0
0.7035,1659.0
0.7035,1660.0
0.7035,1661.0
0.7035,1662.0
0.7035,1663.0
0.7035,1664.0
0.7035,1665.0
0.7035,1666.0
0.7035,1667.0
0.7035,1668.0
0.7035,1669.0
0.7035,1670.0
0.7035,1671.0
0.7035,1672.0
0.7035,1673.0
0.70325,1674.0
0.70325,1675.0
0.70325,1676.0
0.70325,1677.0
0.70325,1678.0
0.70325,1679.0
0.70325,1680.0
0.70325,1681.0
0.70325,1682.0
0.70325,1683.0
0.70325,1684.0
0.70325,1685.0
0.70325,1686.0
0.70325,1687.0
0.70325,1688.0
0.70325,1689.0
0.70325,1690.0
0.70325,1691.0
0.70325,1692.0
0.70325,1693.0
0.703,1694.0
0.70325,1695.0
0.70325,1696.0
0.703,1697.0
0.703,1698.0
0.70325,1699.0
0.703,1700.0
0.703,1701.0
0.703,1702.0
0.703,1703.0
0.703,1704.0
0.703,1705.0
0.703,1706.0
0.703,1707.0
0.703,1708.0
0.703,1709.0
0.703,1710.0
0.703,1711.0
0.703,1712.0
0.703,1713.0
0.703,1714.0
0.703,1715.0
0.703,1716.0
0.70325,1717.0
0.70325,1718.0
0.70325,1719.0
0.70325,1720.0
0.70325,1721.0
0.70325,1722.0
0.7035,1723.0
0.7035,1724.0
0.7035,1725.0
0.7035,1726.0
0.7035,1727.0
0.7035,1728.0
0.7035,1729.0
0.7035,1730.0
0.7035,1731.0
0.7035,1732.0
0.7035,1733.0
0.7035,1734.0
0.7035,1735.0
0.7035,1736.0
0.7035,1737.0
0.7035,1738.0
0.7035,1739.0
0.7035,1740.0
0.7035,1741.0
0.7035,1742.0
0.7035,1743.0
0.7035,1744.0
0.7035,1745.0
0.7035,1746.0
0.7035,1747.0
0.7035,1748.0
0.7035,1749.0
0.70325,1750.0
0.70325,1751.0
0.70325,1752.0
0.70325,1753.0
0.70325,1754.0
0.70325,1755.0
0.70325,1756.0
0.70325,1757.0
0.70325,1758.0
0.70325,1759.0
0.70325,1760.0
0.70325,1761.0
0.70325,1762.0
0.703,1763.0
0.703,1764.0
0.703,1765.0
0.703,1766.0
0.703,1767.0
0.703,1768.0
0.703,1769.0
0.703,1770.0
0.703,1771.0
0.703,1772.0
0.703,1773.0
0.703,1774.0
0.703,1775.0
0.703,1776.0
0.703,1777.0
0.703,1778.0
0.703,1779.0
0.703,1780.0
0.703,1781.0
0.703,1782.0
0.703,1783.0
0.703,1784.0
0.703,1785.0
0.703,1786.0
0.703,1787.0
0.703,1788.0
0.703,1789.0
0.703,1790.0
0.703,1791.0
0.703,1792.0
0.703,1793.0
0.703,1794.0
0.703,1795.0
0.703,1796.0
0.703,1797.0
0.70275,1798.0
0.70275,1799.0
0.70275,1800.0
0.703,1801.0
0.703,1802.0
0.703,1803.0
0.703,1804.0
0.703,1805.0
0.703,1806.0
0.703,1807.0
0.703,1808.0
0.703,1809.0
0.703,1810.0
0.703,1811.0
0.703,1812.0
0.703,1813.0
0.703,1814.0
0.703,1815.0
0.703,1816.0
0.703,1817.0
0.703,1818.0
0.703,1819.0
0.703,1820.0
0.703,1821.0
0.703,1822.0
0.703,1823.0
0.703,1824.0
0.703,1825.0
0.703,1826.0
0.703,1827.0
0.703,1828.0
0.703,1829.0
0.703,1830.0
0.703,1831.0
0.703,1832.0
0.703,1833.0
0.703,1834.0
0.703,1835.0
0.703,1836.0
0.703,1837.0
0.703,1838.0
0.70275,1839.0
0.70275,1840.0
0.7025,1841.0
0.7025,1842.0
0.7025,1843.0
0.7025,1844.0
0.7025,1845.0
0.7025,1846.0
0.7025,1847.0
0.7025,1848.0
0.70275,1849.0
0.70275,1850.0
0.70275,1851.0
0.70275,1852.0
0.70275,1853.0
0.70275,1854.0
0.70275,1855.0
0.70275,1856.0
0.703,1857.0
0.70325,1858.0
0.70325,1859.0
0.70325,1860.0
0.70325,1861.0
0.70325,1862.0
0.70325,1863.0
0.703,1864.0
0.70275,1865.0
0.7025,1866.0
0.7025,1867.0
0.7025,1868.0
0.7025,1869.0
0.7025,1870.0
0.7025,1871.0
0.7025,1872.0
0.7025,1873.0
0.70275,1874.0
0.70275,1875.0
0.70275,1876.0
0.70275,1877.0
0.70275,1878.0
0.70275,1879.0
0.70275,1880.0
0.70275,1881.0
0.70275,1882.0
0.70275,1883.0
0.70275,1884.0
0.70275,1885.0
0.70275,1886.0
0.70275,1887.0
0.70275,1888.0
0.70275,1889.0
0.70275,1890.0
0.70275,1891.0
0.70275,1892.0
0.70275,1893.0
0.70275,1894.0
0.70275,1895.0
0.70275,1896.0
0.70275,1897.0
0.70275,1898.0
0.70275,1899.0
0.70275,1900.0
0.70275,1901.0
0.70275,1902.0
0.70275,1903.0
0.70275,1904.0
0.70275,1905.0
0.70275,1906.0
0.70275,1907.0
0.70275,1908.0
0.7025,1909.0
0.7025,1910.0
0.7025,1911.0
0.7025,1912.0
0.7025,1913.0
0.7025,1914.0
0.7025,1915.0
0.7025,1916.0
0.7025,1917.0
0.7025,1918.0
0.7025,1919.0
0.7025,1920.0
0.7025,1921.0
0.7025,1922.0
0.7025,1923.0
0.7025,1924.0
0.7025,1925.0
0.7025,1926.0
0.7025,1927.0
0.7025,1928.0
0.7025,1929.0
0.7025,1930.0
0.7025,1931.0
0.7025,1932.0
0.7025,1933.0
0.7025,1934.0
0.7025,1935.0
0.7025,1936.0
0.70275,1937.0
0.70275,1938.0
0.70275,1939.0
0.70275,1940.0
0.703,1941.0
0.703,1942.0
0.703,1943.0
0.703,1944.0
0.703,1945.0
0.703,1946.0
0.703,1947.0
0.70325,1948.0
0.70325,1949.0
0.70325,1950.0
0.70325,1951.0
0.70325,1952.0
0.70325,1953.0
0.7035,1954.0
0.7035,1955.0
0.7035,1956.0
0.7035,1957.0
0.7035,1958.0
0.7035,1959.0
0.7035,1960.0
0.7035,1961.0
0.7035,1962.0
0.7035,1963.0
0.7035,1964.0
0.7035,1965.0
0.7035,1966.0
0.7035,1967.0
0.7035,1968.0
0.7035,1969.0
0.7035,1970.0
0.7035,1971.0
0.7035,1972.0
0.7035,1973.0
0.7035,1974.0
0.7035,1975.0
0.7035,1976.0
0.7035,1977.0
0.7035,1978.0
0.7035,1979.0
0.7035,1980.0
0.7035,1981.0
0.7035,1982.0
0.7035,1983.0
0.7035,1984.0
0.7035,1985.0
0.7035,1986.0
0.7035,1987.0
0.7035,1988.0
0.7035,1989.0
0.7035,1990.0
0.7035,1991.0
0.7035,1992.0
0.70375,1993.0
0.70375,1994.0
0.70375,1995.0
0.70375,1996.0
0.70375,1997.0
0.70375,1998.0
0.70375,1999.0
0.70375,2000.0
0.70375,2001.0
0.70375,2002.0
0.7035,2003.0
0.7035,2004.0
0.7035,2005.0
0.7035,2006.0
0.7035,2007.0
0.7035,2008.0
0.7035,2009.0
0.7035,2010.0
0.7035,2011.0
0.7035,2012.0
0.7035,2013.0
0.7035,2014.0
0.7035,2015.0
0.7035,2016.0
0.7035,2017.0
0.7035,2018.0
0.7035,2019.0
0.7035,2020.0
0.7035,2021.0
0.70375,2022.0
0.70375,2023.0
0.70375,2024.0
0.70375,2025.0
0.70375,2026.0
0.70375,2027.0
0.70375,2028.0
0.70375,2029.0
0.70375,2030.0
0.70375,2031.0
0.70375,2032.0
0.704,2033.0
0.704,2034.0
0.704,2035.0
0.704,2036.0
0.704,2037.0
0.704,2038.0
0.704,2039.0
0.704,2040.0
0.70425,2041.0
0.70425,2042.0
0.70425,2043.0
0.70425,2044.0
0.70425,2045.0
0.70425,2046.0
0.70425,2047.0
0.70425,2048.0
0.70425,2049.0
0.70425,2050.0
0.70425,2051.0
0.70425,2052.0
0.70425,2053.0
0.70425,2054.0
0.70425,2055.0
0.70425,2056.0
0.704,2057.0
0.704,2058.0
0.704,2059.0
0.704,2060.0
0.704,2061.0
0.704,2062.0
0.704,2063.0
0.70375,2064.0
0.70375,2065.0
0.70375,2066.0
0.70375,2067.0
0.70375,2068.0
0.70375,2069.0
0.704,2070.0
0.704,2071.0
0.704,2072.0
0.70425,2073.0
0.70425,2074.0
0.70425,2075.0
0.70425,2076.0
0.70425,2077.0
0.70425,2078.0
0.70425,2079.0
0.70425,2080.0
0.70425,2081.0
0.70425,2082.0
0.70425,2083.0
0.70425,2084.0
0.70425,2085.0
0.70425,2086.0
0.70425,2087.0
0.70425,2088.0
0.70425,2089.0
0.704,2090.0
0.704,2091.0
0.704,2092.0
0.704,2093.0
0.704,2094.0
0.704,2095.0
0.704,2096.0
0.70425,2097.0
0.70425,2098.0
0.70425,2099.0
0.70425,2100.0
0.70425,2101.0
0.70425,2102.0
0.70425,2103.0
0.70425,2104.0
0.70425,2105.0
0.70425,2106.0
0.70425,2107.0
0.70425,2108.0
0.70425,2109.0
0.70425,2110.0
0.704,2111.0
0.704,2112.0
0.704,2113.0
0.704,2114.0
0.704,2115.0
0.70425,2116.0
0.70425,2117.0
0.70425,2118.0
0.70425,2119.0
0.70425,2120.0
0.70425,2121.0
0.70425,2122.0
0.70425,2123.0
0.70425,2124.0
0.70425,2125.0
0.70425,2126.0
0.70425,2127.0
0.70425,2128.0
0.70425,2129.0
0.70425,2130.0
0.70425,2131.0
0.70425,2132.0
0.70425,2133.0
0.7045,2134.0
0.7045,2135.0
0.7045,2136.0
0.7045,2137.0
0.7045,2138.0
0.7045,2139.0
0.7045,2140.0
0.7045,2141.0
0.7045,2142.0
0.7045,2143.0
0.70425,2144.0
0.70425,2145.0
0.70425,2146.0
0.70425,2147.0
0.70425,2148.0
0.70425,2149.0
0.70425,2150.0
0.70425,2151.0
0.70425,2152.0
0.7045,2153.0
0.7045,2154.0
0.7045,2155.0
0.7045,2156.0
0.7045,2157.0
0.7045,2158.0
0.7045,2159.0
0.7045,2160.0
0.70475,2161.0
0.70475,2162.0
0.70475,2163.0
0.70475,2164.0
0.70475,2165.0
0.70475,2166.0
0.70475,2167.0
0.70475,2168.0
0.70475,2169.0
0.70475,2170.0
0.70475,2171.0
0.70475,2172.0
0.70475,2173.0
0.70475,2174.0
0.70475,2175.0
0.70475,2176.0
0.70475,2177.0
0.7045,2178.0
0.7045,2179.0
0.7045,2180.0
0.7045,2181.0
0.7045,2182.0
0.7045,2183.0
0.7045,2184.0
0.7045,2185.0
0.7045,2186.0
0.7045,2187.0
0.7045,2188.0
0.7045,2189.0
0.7045,2190.0
0.70475,2191.0
0.70475,2192.0
0.70475,2193.0
0.70475,2194.0
0.705,2195.0
0.705,2196.0
0.705,2197.0
0.705,2198.0
0.705,2199.0
0.705,2200.0
0.705,2201.0
0.705,2202.0
0.705,2203.0
0.705,2204.0
0.70525,2205.0
0.70525,2206.0
0.70525,2207.0
0.70525,2208.0
0.70525,2209.0
0.70525,2210.0
0.70525,2211.0
0.70525,2212.0
0.70525,2213.0
0.7055,2214.0
0.7055,2215.0
0.7055,2216.0
0.7055,2217.0
0.7055,2218.0
0.7055,2219.0
0.7055,2220.0
0.7055,2221.0
0.7055,2222.0
0.7055,2223.0
0.7055,2224.0
0.7055,2225.0
0.7055,2226.0
0.7055,2227.0
0.7055,2228.0
0.7055,2229.0
0.7055,2230.0
0.7055,2231.0
0.7055,2232.0
0.70575,2233.0
0.70575,2234.0
0.70575,2235.0
0.70575,2236.0
0.70575,2237.0
0.70575,2238.0
0.70575,2239.0
0.706,2240.0
0.706,2241.0
0.706,2242.0
0.706,2243.0
0.706,2244.0
0.706,2245.0
0.706,2246.0
0.706,2247.0
0.706,2248.0
0.706,2249.0
0.706,2250.0
0.706,2251.0
0.706,2252.0
0.706,2253.0
0.706,2254.0
0.706,2255.0
0.706,2256.0
0.706,2257.0
0.706,2258.0
0.706,2259.0
0.706,2260.0
0.70575,2261.0
0.70575,2262.0
0.70575,2263.0
0.70575,2264.0
0.70575,2265.0
0.70575,2266.0
0.70575,2267.0
0.70575,2268.0
0.70575,2269.0
0.70575,2270.0
0.706,2271.0
0.706,2272.0
0.706,2273.0
0.706,2274.0
0.706,2275.0
0.706,2276.0
0.706,2277.0
0.706,2278.0
0.706,2279.0
0.706,2280.0
0.706,2281.0
0.706,2282.0
0.706,2283.0
0.706,2284.0
0.706,2285.0
0.706,2286.0
0.70625,2287.0
0.70625,2288.0
0.70625,2289.0
0.70625,2290.0
0.70625,2291.0
0.70625,2292.0
0.70625,2293.0
0.70625,2294.0
0.70625,2295.0
0.70625,2296.0
0.70625,2297.0
0.70625,2298.0
0.70625,2299.0
0.70625,2300.0
0.70625,2301.0
0.70625,2302.0
0.70625,2303.0
0.70625,2304.0
0.70625,2305.0
0.70625,2306.0
0.70625,2307.0
0.70625,2308.0
0.70625,2309.0
0.70625,2310.0
0.70625,2311.0
0.70625,2312.0
0.70625,2313.0
0.70625,2314.0
0.70625,2315.0
0.706,2316.0
0.706,2317.0
0.706,2318.0
0.70625,2319.0
0.70625,2320.0
0.70625,2321.0
0.70625,2322.0
0.70625,2323.0
0.70625,2324.0
0.70625,2325.0
0.70625,2326.0
0.70625,2327.0
0.706,2328.0
0.706,2329.0
0.706,2330.0
0.706,2331.0
0.706,2332.0
0.706,2333.0
0.706,2334.0
0.706,2335.0
0.706,2336.0
0.706,2337.0
0.706,2338.0
0.706,2339.0
0.706,2340.0
0.706,2341.0
0.706,2342.0
0.706,2343.0
0.706,2344.0
0.706,2345.0
0.706,2346.0
0.706,2347.0
0.70575,2348.0
0.70575,2349.0
0.70575,2350.0
0.70575,2351.0
0.70575,2352.0
0.70575,2353.0
0.70575,2354.0
0.70575,2355.0
0.70575,2356.0
0.70575,2357.0
0.70575,2358.0
0.70575,2359.0
0.70575,2360.0
0.70575,2361.0
0.70575,2362.0
0.706,2363.0
0.706,2364.0
0.706,2365.0
0.706,2366.0
0.706,2367.0
0.706,2368.0
0.706,2369.0
0.706,2370.0
0.706,2371.0
0.706,2372.0
0.706,2373.0
0.706,2374.0
0.706,2375.0
0.706,2376.0
0.706,2377.0
0.706,2378.0
0.706,2379.0
0.706,2380.0
0.706,2381.0
0.706,2382.0
0.706,2383.0
0.706,2384.0
0.706,2385.0
0.706,2386.0
0.706,2387.0
0.706,2388.0
0.706,2389.0
0.706,2390.0
0.706,2391.0
0.706,2392.0
0.706,2393.0
0.706,2394.0
0.706,2395.0
0.706,2396.0
0.706,2397.0
0.706,2398.0
0.706,2399.0
0.706,2400.0
0.706,2401.0
0.706,2402.0
0.706,2403.0
0.706,2404.0
0.706,2405.0
0.706,2406.0
0.706,2407.0
0.706,2408.0
0.706,2409.0
0.706,2410.0
0.706,2411.0
0.706,2412.0
0.70625,2413.0
0.70625,2414.0
0.70625,2415.0
0.70625,2416.0
0.70625,2417.0
0.70625,2418.0
0.7065,2419.0
0.7065,2420.0
0.7065,2421.0
0.7065,2422.0
0.7065,2423.0
0.7065,2424.0
0.7065,2425.0
0.7065,2426.0
0.7065,2427.0
0.7065,2428.0
0.7065,2429.0
0.7065,2430.0
0.7065,2431.0
0.7065,2432.0
0.7065,2433.0
0.7065,2434.0
0.7065,2435.0
0.7065,2436.0
0.7065,2437.0
0.7065,2438.0
0.7065,2439.0
0.7065,2440.0
0.7065,2441.0
0.7065,2442.0
0.7065,2443.0
0.7065,2444.0
0.7065,2445.0
0.7065,2446.0
0.70625,2447.0
0.70625,2448.0
0.70625,2449.0
0.7065,2450.0
0.7065,2451.0
0.7065,2452.0
0.7065,2453.0
0.7065,2454.0
0.7065,2455.0
0.7065,2456.0
0.7065,2457.0
0.7065,2458.0
0.7065,2459.0
0.7065,2460.0
0.7065,2461.0
0.7065,2462.0
0.7065,2463.0
0.7065,2464.0
0.7065,2465.0
0.7065,2466.0
0.7065,2467.0
0.7065,2468.0
0.7065,2469.0
0.7065,2470.0
0.7065,2471.0
0.7065,2472.0
0.7065,2473.0
0.7065,2474.0
0.7065,2475.0
0.7065,2476.0
0.7065,2477.0
0.7065,2478.0
0.7065,2479.0
0.7065,2480.0
0.7065,2481.0
0.7065,2482.0
0.7065,2483.0
0.7065,2484.0
0.7065,2485.0
0.7065,2486.0
0.7065,2487.0
0.7065,2488.0
0.7065,2489.0
0.7065,2490.0
0.7065,2491.0
0.7065,2492.0
0.7065,2493.0
0.70625,2494.0
0.70625,2495.0
0.70625,2496.0
0.70625,2497.0
0.70625,2498.0
0.70625,2499.0
0.70625,2500.0
0.70625,2501.0
0.70625,2502.0
0.70625,2503.0
0.70625,2504.0
0.70625,2505.0
0.70625,2506.0
0.70625,2507.0
0.70625,2508.0
0.70625,2509.0
0.70625,2510.0
0.70625,2511.0
0.70625,2512.0
0.70625,2513.0
0.70625,2514.0
0.706,2515.0
0.706,2516.0
0.706,2517.0
0.70625,2518.0
0.70625,2519.0
0.70625,2520.0
0.706,2521.0
0.706,2522.0
0.706,2523.0
0.706,2524.0
0.706,2525.0
0.706,2526.0
0.706,2527.0
0.706,2528.0
0.706,2529.0
0.706,2530.0
0.706,2531.0
0.706,2532.0
0.706,2533.0
0.706,2534.0
0.706,2535.0
0.706,2536.0
0.706,2537.0
0.706,2538.0
0.706,2539.0
0.706,2540.0
0.706,2541.0
0.706,2542.0
0.706,2543.0
0.706,2544.0
0.706,2545.0
0.706,2546.0
0.706,2547.0
0.706,2548.0
0.706,2549.0
0.706,2550.0
0.706,2551.0
0.706,2552.0
0.706,2553.0
0.706,2554.0
0.706,2555.0
0.706,2556.0
0.706,2557.0
0.706,2558.0
0.706,2559.0
0.706,2560.0
0.706,2561.0
0.70625,2562.0
0.70625,2563.0
0.70625,2564.0
0.70625,2565.0
0.70625,2566.0
0.70625,2567.0
0.70625,2568.0
0.70625,2569.0
0.70625,2570.0
0.70625,2571.0
0.70625,2572.0
0.70625,2573.0
0.70625,2574.0
0.70625,2575.0
0.70625,2576.0
0.70625,2577.0
0.70625,2578.0
0.70625,2579.0
0.70625,2580.0
0.70625,2581.0
0.70625,2582.0
0.70625,2583.0
0.70625,2584.0
0.70625,2585.0
0.70625,2586.0
0.70625,2587.0
0.70625,2588.0
0.70625,2589.0
0.70625,2590.0
0.70625,2591.0
0.70625,2592.0
0.7065,2593.0
0.7065,2594.0
0.7065,2595.0
0.7065,2596.0
0.7065,2597.0
0.7065,2598.0
0.7065,2599.0
0.7065,2600.0
0.7065,2601.0
0.7065,2602.0
0.7065,2603.0
0.7065,2604.0
0.7065,2605.0
0.7065,2606.0
0.7065,2607.0
0.7065,2608.0
0.7065,2609.0
0.7065,2610.0
0.7065,2611.0
0.7065,2612.0
0.7065,2613.0
0.70625,2614.0
0.70625,2615.0
0.70625,2616.0
0.70625,2617.0
0.70625,2618.0
0.70625,2619.0
0.70625,2620.0
0.70625,2621.0
0.70625,2622.0
0.70625,2623.0
0.70625,2624.0
0.70625,2625.0
0.70625,2626.0
0.70625,2627.0
0.70625,2628.0
0.70625,2629.0
0.70625,2630.0
0.70625,2631.0
0.70625,2632.0
0.70625,2633.0
0.70625,2634.0
0.70625,2635.0
0.70625,2636.0
0.70625,2637.0
0.70625,2638.0
0.70625,2639.0
0.70625,2640.0
0.70625,2641.0
0.70625,2642.0
0.70625,2643.0
0.70625,2644.0
0.70625,2645.0
0.70625,2646.0
0.70625,2647.0
0.70625,2648.0
0.70625,2649.0
0.70625,2650.0
0.70625,2651.0
0.70625,2652.0
0.70625,2653.0
0.70625,2654.0
0.70625,2655.0
0.70625,2656.0
0.70625,2657.0
0.70625,2658.0
0.70625,2659.0
0.70625,2660.0
0.70625,2661.0
0.70625,2662.0
0.70625,2663.0
0.70625,2664.0
0.70625,2665.0
0.70625,2666.0
0.70625,2667.0
0.70625,2668.0
0.70625,2669.0
0.70625,2670.0
0.70625,2671.0
0.70625,2672.0
0.70625,2673.0
0.70625,2674.0
0.70625,2675.0
0.70625,2676.0
0.70625,2677.0
0.70625,2678.0
0.70625,2679.0
0.70625,2680.0
0.70625,2681.0
0.70625,2682.0
0.70625,2683.0
0.70625,2684.0
0.706,2685.0
0.706,2686.0
0.706,2687.0
0.706,2688.0
0.706,2689.0
0.706,2690.0
0.706,2691.0
0.706,2692.0
0.706,2693.0
0.706,2694.0
0.706,2695.0
0.706,2696.0
0.706,2697.0
0.706,2698.0
0.706,2699.0
0.706,2700.0
0.706,2701.0
0.706,2702.0
0.706,2703.0
0.70625,2704.0
0.70625,2705.0
0.70625,2706.0
0.70625,2707.0
0.70625,2708.0
0.70625,2709.0
0.70625,2710.0
0.7065,2711.0
0.7065,2712.0
0.7065,2713.0
0.7065,2714.0
0.7065,2715.0
0.7065,2716.0
0.7065,2717.0
0.7065,2718.0
0.7065,2719.0
0.7065,2720.0
0.7065,2721.0
0.7065,2722.0
0.7065,2723.0
0.7065,2724.0
0.7065,2725.0
0.7065,2726.0
0.7065,2727.0
0.7065,2728.0
0.7065,2729.0
0.7065,2730.0
0.7065,2731.0
0.7065,2732.0
0.7065,2733.0
0.7065,2734.0
0.7065,2735.0
0.7065,2736.0
0.7065,2737.0
0.7065,2738.0
0.7065,2739.0
0.7065,2740.0
0.7065,2741.0
0.7065,2742.0
0.7065,2743.0
0.7065,2744.0
0.7065,2745.0
0.7065,2746.0
0.7065,2747.0
0.7065,2748.0
0.7065,2749.0
0.7065,2750.0
0.70625,2751.0
0.70625,2752.0
0.70625,2753.0
0.70625,2754.0
0.70625,2755.0
0.70625,2756.0
0.70625,2757.0
0.70625,2758.0
0.70625,2759.0
0.70625,2760.0
0.70625,2761.0
0.70625,2762.0
0.70625,2763.0
0.70625,2764.0
0.70625,2765.0
0.70625,2766.0
0.70625,2767.0
0.70625,2768.0
0.70625,2769.0
0.70625,2770.0
0.70625,2771.0
0.70625,2772.0
0.70625,2773.0
0.70625,2774.0
0.70625,2775.0
0.70625,2776.0
0.70625,2777.0
0.70625,2778.0
0.70625,2779.0
0.70625,2780.0
0.706,2781.0
0.706,2782.0
0.706,2783.0
0.706,2784.0
0.706,2785.0
0.706,2786.0
0.706,2787.0
0.706,2788.0
0.706,2789.0
0.706,2790.0
0.706,2791.0
0.706,2792.0
0.706,2793.0
0.706,2794.0
0.706,2795.0
0.706,2796.0
0.706,2797.0
0.706,2798.0
0.706,2799.0
0.706,2800.0
0.706,2801.0
0.706,2802.0
0.706,2803.0
0.706,2804.0
0.706,2805.0
0.706,2806.0
0.706,2807.0
0.706,2808.0
0.706,2809.0
0.706,2810.0
0.706,2811.0
0.706,2812.0
0.706,2813.0
0.706,2814.0
0.706,2815.0
0.706,2816.0
0.706,2817.0
0.706,2818.0
0.706,2819.0
0.706,2820.0
0.706,2821.0
0.706,2822.0
0.706,2823.0
0.706,2824.0
0.706,2825.0
0.706,2826.0
0.706,2827.0
0.706,2828.0
0.706,2829.0
0.706,2830.0
0.706,2831.0
0.706,2832.0
0.706,2833.0
0.706,2834.0
0.706,2835.0
0.706,2836.0
0.706,2837.0
0.706,2838.0
0.706,2839.0
0.706,2840.0
0.706,2841.0
0.706,2842.0
0.706,2843.0
0.706,2844.0
0.706,2845.0
0.706,2846.0
0.706,2847.0
0.706,2848.0
0.706,2849.0
0.706,2850.0
0.706,2851.0
0.706,2852.0
0.706,2853.0
0.706,2854.0
0.706,2855.0
0.706,2856.0
0.706,2857.0
0.706,2858.0
0.706,2859.0
0.70625,2860.0
0.70625,2861.0
0.7065,2862.0
0.7065,2863.0
0.7065,2864.0
0.7065,2865.0
0.7065,2866.0
0.7065,2867.0
0.7065,2868.0
0.7065,2869.0
0.7065,2870.0
0.7065,2871.0
0.7065,2872.0
0.7065,2873.0
0.7065,2874.0
0.7065,2875.0
0.7065,2876.0
0.7065,2877.0
0.7065,2878.0
0.7065,2879.0
0.7065,2880.0
0.7065,2881.0
0.7065,2882.0
0.7065,2883.0
0.7065,2884.0
0.7065,2885.0
0.7065,2886.0
0.7065,2887.0
0.7065,2888.0
0.7065,2889.0
0.7065,2890.0
0.7065,2891.0
0.7065,2892.0
0.7065,2893.0
0.7065,2894.0
0.7065,2895.0
0.70675,2896.0
0.70675,2897.0
0.70675,2898.0
0.70675,2899.0
0.70675,2900.0
0.70675,2901.0
0.70675,2902.0
0.70675,2903.0
0.707,2904.0
0.707,2905.0
0.707,2906.0
0.707,2907.0
0.707,2908.0
0.707,2909.0
0.707,2910.0
0.707,2911.0
0.707,2912.0
0.707,2913.0
0.707,2914.0
0.707,2915.0
0.707,2916.0
0.707,2917.0
0.707,2918.0
0.707,2919.0
0.707,2920.0
0.707,2921.0
0.707,2922.0
0.707,2923.0
0.707,2924.0
0.707,2925.0
0.707,2926.0
0.707,2927.0
0.707,2928.0
0.707,2929.0
0.707,2930.0
0.707,2931.0
0.707,2932.0
0.707,2933.0
0.707,2934.0
0.707,2935.0
0.707,2936.0
0.707,2937.0
0.707,2938.0
0.707,2939.0
0.707,2940.0
0.70675,2941.0
0.70675,2942.0
0.70675,2943.0
0.70675,2944.0
0.70675,2945.0
0.70675,2946.0
0.70675,2947.0
0.70675,2948.0
0.70675,2949.0
0.70675,2950.0
0.70675,2951.0
0.70675,2952.0
0.70675,2953.0
0.70675,2954.0
0.70675,2955.0
0.70675,2956.0
0.70675,2957.0
0.70675,2958.0
0.70675,2959.0
0.70675,2960.0
0.70675,2961.0
0.70675,2962.0
0.70675,2963.0
0.70675,2964.0
0.70675,2965.0
0.70675,2966.0
0.70675,2967.0
0.70675,2968.0
0.70675,2969.0
0.70675,2970.0
0.70675,2971.0
0.707,2972.0
0.707,2973.0
0.707,2974.0
0.707,2975.0
0.707,2976.0
0.707,2977.0
0.707,2978.0
0.707,2979.0
0.707,2980.0
0.707,2981.0
0.707,2982.0
0.707,2983.0
0.707,2984.0
0.707,2985.0
0.707,2986.0
0.707,2987.0
0.707,2988.0
0.707,2989.0
0.707,2990.0
0.707,2991.0
0.707,2992.0
0.707,2993.0
0.707,2994.0
0.707,2995.0
0.707,2996.0
0.707,2997.0
0.707,2998.0
0.707,2999.0
0.707,3000.0
0.707,3001.0
