0.8620533,-0.43436038
-0.26638353,0.2827692
-0.6350639,0.76151
0.7075199,-0.23628175
-0.39921308,0.39975095
-0.21588004,0.32904696
-0.7622981,0.6718104
0.80181754,-0.34309196
0.14581037,-0.45965195
-0.5008614,0.76978016
-0.3086784,0.83266246
-0.67743754,0.85594416
-0.5440985,0.653597
0.42129338,-0.7596942
-0.7202883,0.63955534
-0.7563182,0.36404562
0.6430167,-0.35344577
-0.67810166,0.84046745
-0.5040525,0.24421084
0.48224223,-0.867522
-0.3807875,0.535318
0.5963731,-0.29306173
-0.3928002,0.22175336
0.8425356,-0.584905
0.81636417,-0.7296977
-0.7199981,0.48263597
-0.72901773,0.49763024
-0.37973845,0.59088933
0.35680127,-0.7620294
0.4897325,-0.39644957
0.6527897,-0.6958815
0.5437373,-0.45581043
-0.33168697,0.25667942
0.7252227,-0.5193504
0.40872288,-0.29801488
0.3480587,-0.44992292
-0.70574844,0.623698
-0.33124697,0.7053485
-0.120809436,0.6246643
-0.6868247,0.42501688
-0.61903036,0.24075902
-0.69422185,0.47199762
0.62738323,-0.6414814
0.4890988,-0.51041996
0.3479061,-0.51843727
-0.50984156,0.20838273
-0.3624506,0.24799037
-0.6155685,0.3018092
-0.16600311,0.48347235
0.59718275,-0.6595025
-0.5722369,0.7494817
0.30767465,-0.3874128
-0.10449493,0.513566
0.49463546,-0.43264008
0.5308527,-0.44052827
-0.49868643,0.71889937
0.46366262,-0.8433385
0.5774119,-0.6903602
-0.33111608,0.3822906
0.7768607,-0.5414853
-0.42548454,0.1521715
-0.3131764,0.4578035
0.6609049,-0.31207955
0.33503878,-0.5728444
-0.24023461,0.44922078
-0.5957755,0.8772373
-0.37478292,0.67830586
-0.622177,0.8359014
-0.30190206,0.77173245
-0.64918685,0.4601394
-0.67131793,0.23821366
-0.18805516,0.5947672
-0.4398296,0.56110823
-0.7102622,0.3825307
0.40877032,-0.3207358
-0.6408211,0.7542206
-0.6462934,0.68057156
-0.7773894,0.652068
0.8280456,-0.3530488
0.1378423,-0.48624253
0.5747856,-0.6151992
0.74109066,-0.25190783
-0.7917291,0.6343101
-0.210096,0.5662832
-0.7061045,0.45026493
-0.38517785,0.563444
0.5892086,-0.54055905
0.34338677,-0.7053325
0.7548355,-0.7710936
-0.14324176,0.6080055
0.8818569,-0.4159931
0.36011147,-0.3292259
0.6014098,-0.19766378
-0.6828785,0.3595575
0.47538698,-0.2568984
0.8458892,-0.55693173
-0.5401329,0.427495
0.11872399,-0.51869917
-0.3711102,0.44977748
0.63800704,-0.42733347
-0.79020226,0.75867844
0.38387132,-0.5977533
-0.17188549,0.38478124
-0.5170847,0.38047218
0.30954564,-0.22849655
0.62472165,-0.40320683
-0.4904741,0.3547467
-0.4869455,0.74768233
-0.38218713,0.16693115
-0.5455183,0.3663615
-0.67382395,0.35357058
0.53393376,-0.45593154
0.29737806,-0.23871529
-0.74218273,0.6977956
-0.6570351,0.2828915
-0.6000949,0.4685967
0.8912811,-0.41752398
0.61852205,-0.6554152
0.46763647,-0.86840296
-0.5106963,0.66182816
0.2875272,-0.7615576
0.70972717,-0.52144516
0.59871686,-0.37067235
0.57786286,-0.54433954
-0.60057044,0.26087165
-0.5939622,0.17771709
0.6105088,-0.8334918
0.54971445,-0.17424202
-0.81655264,0.5884019
0.6227685,-0.4605378
-0.36661053,0.40324736
0.56440616,-0.29175436
0.44473183,-0.1150285
0.22589493,-0.73717594
-0.78688025,0.4060663
0.42529798,-0.6363965
-0.8449056,0.6671269
-0.53395104,0.6368927
-0.38551438,0.7214824
-0.54886174,0.14434087
-0.46407878,0.6294652
-0.35110748,0.28102863
0.80859876,-0.6242677
-0.22696745,0.21059072
-0.33835924,0.37249303
0.4873091,-0.11062527
-0.852098,0.47263134
0.40328646,-0.38659048
-0.7212111,0.27251816
-0.5583476,0.767313
0.15212202,-0.62835085
-0.49768817,0.26073027
0.36818314,-0.45812917
-0.58386064,0.70083845
-0.53178036,0.28709042
0.18419278,-0.61294603
0.49272025,-0.6268927
-0.39656472,0.8254678
0.75005484,-0.6259235
-0.7207725,0.54577684
-0.5296478,0.39000905
-0.8172047,0.5000936
0.76566553,-0.51440513
-0.22595823,0.62080765
-0.21814394,0.45014477
0.3193909,-0.4138105
0.3324207,-0.6185386
0.31445074,-0.3175056
0.68641555,-0.24164033
0.30987513,-0.30892432
-0.19079459,0.44990456
-0.5853274,0.3169843
0.6420939,-0.40906537
0.66613233,-0.6732851
0.44357824,-0.3954805
-0.5005996,0.7692144
-0.35617065,0.4944886
0.62105525,-0.7595577
-0.57359946,0.5488714
0.6729417,-0.17231727
0.67556,-0.16018713
-0.7146783,0.6354561
-0.3398913,0.8338609
-0.7969532,0.35842812
0.3954153,-0.6627692
0.2407999,-0.30029988
0.63398623,-0.29064143
0.55758715,-0.4076333
-0.74966085,0.3172084
0.32870996,-0.41935444
-0.48411322,0.6989007
0.51035535,-0.405442
-0.23561764,0.2612561
0.36515462,-0.76585615
0.70491314,-0.63753176
-0.5711731,0.8793949
-0.7317914,0.52955747
-0.4996456,0.24569058
0.6302111,-0.29051316
0.72129107,-0.8254957
0.24186623,-0.7427143
0.55108154,-0.26392245
-0.23416793,0.43825138
-0.5986773,0.38448775
0.1639142,-0.51242924
0.63233185,-0.6972008
0.40859652,-0.37879384
0.7559434,-0.6065341
0.2720394,-0.49868393
-0.58979654,0.72588694
0.65304255,-0.45268106
0.39554024,-0.12632537
-0.33591056,0.7337543
-0.40713143,0.8097912
-0.5227206,0.8681679
-0.8761128,0.5872365
0.38450468,-0.23355126
0.652285,-0.78862715
-0.6702243,0.8349632
0.7082517,-0.38349497
0.45403004,-0.5352855
0.8496728,-0.5573075
0.4737841,-0.41586733
0.47326326,-0.3382423
-0.67752385,0.70865846
-0.6293744,0.8575479
0.38451815,-0.43932545
-0.35904598,0.5009726
-0.40800297,0.38197553
-0.6069629,0.28658676
-0.31313086,0.33479106
0.7910992,-0.58888865
-0.13162601,0.5103432
0.59202695,-0.73254955
-0.8610996,0.58543503
0.62588334,-0.6726407
-0.27229214,0.8164923
-0.52560127,0.39587438
0.66505253,-0.82459986
0.67379403,-0.7843759
-0.46218657,0.6674944
-0.2218045,0.27913785
-0.5943022,0.2754259
0.8519491,-0.6191348
-0.78056693,0.58448577
-0.7533436,0.27945483
-0.7891772,0.2841289
0.4678371,-0.83982813
0.39863384,-0.62877035
0.49297655,-0.82424116
-0.5048276,0.38165796
0.4423443,-0.48177028
0.5831306,-0.48316813
-0.6230445,0.41915226
0.32211018,-0.42487276
0.27670228,-0.5172812
-0.42859042,0.12727141
0.47781277,-0.292215
0.39183044,-0.20561254
0.5120901,-0.35322082
-0.5416342,0.17175043
-0.8370582,0.28614485
0.57370293,-0.52871764
0.12901759,-0.39725912
0.585484,-0.19783449
-0.26453507,0.7301904
-0.4553889,0.14609575
-0.35792017,0.6334102
-0.32240736,0.5435883
-0.5649682,0.3931166
0.8554152,-0.51488745
-0.735541,0.55431926
0.6935388,-0.6970303
0.42652857,-0.47694874
-0.58166814,0.8379277
0.50955284,-0.47295105
-0.3084377,0.21371102
-0.26294374,0.7840384
-0.19844103,0.59395707
-0.60164654,0.776302
-0.32870495,0.44970024
-0.552578,0.79361427
-0.7497847,0.7815329
-0.84290695,0.5883584
-0.3850752,0.14497316
-0.39747572,0.444744
0.6561227,-0.5517273
-0.65692043,0.7539848
-0.7696068,0.4773159
-0.67114043,0.81096554
-0.6575078,0.694571
-0.33912063,0.3938942
0.68095315,-0.49826074
0.39048195,-0.39787328
0.14669049,-0.6395689
0.14432204,-0.68289256
0.56765866,-0.43941498
0.61270666,-0.33380616
-0.6685287,0.2610469
0.13483965,-0.51484525
-0.4433447,0.37985134
-0.5684142,0.22513258
0.46541512,-0.4895326
-0.786188,0.5161469
-0.4560424,0.47660327
-0.79553306,0.7053983
-0.6043973,0.6645042
0.17531621,-0.35969472
-0.74590206,0.7341744
0.4996997,-0.63920534
-0.6775515,0.3983885
-0.41076756,0.8523005
-0.67998004,0.20398569
-0.18604505,0.3041556
0.34359133,-0.680498
-0.4739778,0.28552115
0.4614495,-0.5935322
0.6399665,-0.5967499
0.2888676,-0.59483325
0.56485,-0.8466444
0.4839002,-0.13091373
0.76217246,-0.7723423
-0.50177145,0.5967152
-0.4554373,0.5225537
0.59450865,-0.21646738
0.19193518,-0.44772363
-0.5782747,0.8504474
-0.19276595,0.5753521
0.6771115,-0.5674087
-0.5976713,0.2700703
0.13488555,-0.34843814
-0.49111605,0.47080517
-0.86418617,0.44687772
0.83084226,-0.30512106
0.3265406,-0.61929214
-0.30134964,0.42173088
-0.24382973,0.24919534
0.7858522,-0.6528299
0.20983005,-0.6277474
-0.15830636,0.45371604
-0.48418748,0.42609227
0.5960729,-0.16407788
0.6104361,-0.17083478
-0.73178685,0.6694783
0.47352636,-0.5011531
-0.4965018,0.5698347
0.68397236,-0.47659528
-0.39425397,0.3614564
0.50104153,-0.17541766
-0.6127008,0.8049958
0.84423506,-0.4522369
0.23974943,-0.44270813
-0.60820067,0.3287028
-0.8686755,0.4994341
-0.63801813,0.44870996
-0.24852908,0.5339732
0.31705475,-0.76473427
-0.6720493,0.5780859
-0.7682799,0.77233446
0.32717395,-0.5789796
0.80342364,-0.6168101
0.8448528,-0.4298216
-0.40906513,0.6333991
0.54804647,-0.8762351
0.74145555,-0.21986043
-0.6095568,0.67183876
0.32569456,-0.20056093
-0.6151066,0.53552425
0.70585227,-0.46821177
0.49430215,-0.17694724
-0.66970515,0.3134284
0.3446989,-0.7182393
-0.5646448,0.8033334
-0.320364,0.44815552
0.58718085,-0.72190464
0.5144805,-0.36508143
0.6664834,-0.80895257
-0.3126967,0.6726326
0.42326128,-0.38001072
0.59718585,-0.43774593
0.31061375,-0.7244121
0.8898001,-0.48266828
-0.14688575,0.35645545
-0.6040256,0.73691046
-0.46445024,0.7169125
0.6588243,-0.15712035
0.21886313,-0.6044121
-0.30302095,0.7858157
-0.21747828,0.75631213
-0.7833148,0.2544824
-0.45262468,0.59463596
-0.6858113,0.16188991
0.5883473,-0.56886125
-0.59302855,0.86912835
0.22401607,-0.44181383
0.2648028,-0.45396113
0.42716384,-0.27753198
-0.7500627,0.59141445
-0.32973135,0.55463696
-0.71663904,0.7102643
0.43744493,-0.21456194
0.28491676,-0.17732704
0.6520382,-0.5278733
-0.7428138,0.3813808
0.8270558,-0.43089652
0.42393267,-0.22843182
0.8253852,-0.3126322
-0.68755186,0.4724288
-0.3946246,0.17528224
0.79803073,-0.29283
-0.3412435,0.84796154
0.6673887,-0.40258193
0.77851474,-0.35487115
0.7190412,-0.18819332
0.593459,-0.39785063
0.65471816,-0.56960416
-0.5439122,0.75135875
0.30373716,-0.30613434
-0.35598385,0.49182153
-0.6435921,0.21612263
0.6794424,-0.6038629
0.71343935,-0.43938303
-0.5779624,0.732105
0.37832117,-0.6636461
-0.5992875,0.64944077
0.3684858,-0.5814165
-0.8742492,0.540503
-0.4005803,0.43855906
-0.5459707,0.533903
-0.59491205,0.61876655
-0.1871202,0.25203693
0.69836545,-0.63262737
0.51925707,-0.23708415
0.6136664,-0.47065556
-0.23538828,0.35546267
0.63653743,-0.32095838
-0.23095095,0.36422408
-0.7253498,0.1877191
0.50012326,-0.79804623
0.58623135,-0.572253
-0.6070963,0.5620971
0.27265596,-0.79216564
0.16311455,-0.69000995
-0.5166795,0.7312957
-0.6175257,0.15622199
0.32631278,-0.61001766
-0.20145631,0.76213706
-0.79829407,0.5057769
0.6131015,-0.6822618
0.82050085,-0.39562464
0.16989362,-0.6697233
-0.35018265,0.73535836
-0.84729946,0.3877226
-0.6088973,0.32927275
0.789273,-0.57306933
0.5745336,-0.33319128
-0.28991795,0.27523708
-0.2219702,0.40853882
0.3114903,-0.67840636
-0.6316917,0.47223818
-0.64249945,0.581548
-0.679538,0.84167266
0.2359755,-0.20538688
-0.74688065,0.3101226
0.17994821,-0.459105
-0.8318734,0.49139345
-0.1697936,0.46676242
0.33043242,-0.44466043
-0.146626,0.58329165
-0.41055942,0.35343885
0.4509945,-0.62106407
-0.698604,0.54479754
0.34412265,-0.7568556
-0.38345742,0.5664098
-0.45425272,0.59600365
0.35799766,-0.8473624
-0.57433724,0.84857047
0.7490407,-0.72358966
-0.2084136,0.28027093
-0.55358124,0.5323652
-0.5793297,0.3430977
0.13985586,-0.34740567
-0.29297078,0.54781616
-0.49027765,0.6042323
0.14356291,-0.5098283
0.7989094,-0.43830264
-0.27738726,0.69239354
0.2835343,-0.47469938
-0.776863,0.48704445
-0.5679902,0.7420877
0.42810845,-0.29739034
-0.49910605,0.7001022
0.5745839,-0.7606045
0.4715209,-0.88527286
-0.7096939,0.4227451
0.22244513,-0.5218406
-0.5999005,0.54861844
-0.49381697,0.21870387
-0.47600424,0.8262496
0.848976,-0.67020786
0.70890117,-0.67552185
0.6122205,-0.71101356
0.6001717,-0.12526011
0.76216507,-0.7535776
-0.4364499,0.34601188
-0.48995948,0.36061716
-0.28861058,0.38692832
-0.34655714,0.48031938
-0.28494322,0.4914441
-0.6301824,0.77110195
0.29060912,-0.83350563
-0.56032157,0.11633825
0.42072845,-0.4186324
-0.6866071,0.36958206
-0.5810194,0.18808782
0.36878943,-0.23780203
-0.11219168,0.41700375
-0.22577596,0.6573863
-0.51903176,0.80647695
-0.5854691,0.8312025
-0.6916808,0.63993394
-0.66452634,0.60630023
0.7535081,-0.73227525
-0.33650625,0.21012044
0.88162863,-0.559039
-0.3341397,0.5972731
-0.33842516,0.25894642
-0.6304693,0.51403046
-0.54212177,0.84732926
-0.18557489,0.540774
0.711071,-0.3777771
-0.21276796,0.6574334
0.15913236,-0.58667123
-0.32029212,0.49126685
0.4620223,-0.27256393
0.1468836,-0.47922862
0.27772903,-0.26268005
0.71504843,-0.25113106
0.17334354,-0.34416962
0.5239843,-0.16120362
0.74930847,-0.7455127
-0.6785116,0.49317372
0.55344653,-0.8548341
0.7119515,-0.8376653
-0.46959543,0.16901922
0.18160546,-0.3515954
0.69564164,-0.8446971
-0.6149957,0.81167555
0.537971,-0.7024864
-0.65556777,0.22944462
0.2271049,-0.7729639
-0.50189495,0.6415416
-0.20969057,0.32292378
0.4306686,-0.775867
0.21644413,-0.319543
0.8092426,-0.6416992
0.48790956,-0.6325458
0.63686323,-0.68588805
-0.17913926,0.34543765
-0.37371862,0.37300336
-0.842783,0.41047657
0.27111006,-0.778898
0.762311,-0.6896527
0.4957769,-0.24856377
-0.5701302,0.46500528
0.6850164,-0.7793747
0.81946445,-0.5799614
0.19600165,-0.27150643
-0.6682204,0.73870957
0.6866648,-0.30703366
-0.613286,0.6907153
-0.35283852,0.48596096
0.54997873,-0.3520683
-0.6035148,0.44441438
-0.67504454,0.5342238
0.6100658,-0.3494202
0.4996302,-0.34993887
0.66226685,-0.37706578
-0.83217895,0.4613645
-0.59781504,0.5338317
0.5816449,-0.31125474
-0.3877523,0.8647481
-0.18456733,0.7388921
0.64680684,-0.45857894
-0.55219686,0.486467
0.4378227,-0.42293596
-0.73155904,0.3769958
-0.42280543,0.33802307
-0.2861122,0.42349958
0.68485785,-0.4638945
0.3712449,-0.84038913
-0.45184767,0.74885786
-0.63073945,0.19159722
0.67619884,-0.1597755
0.3124622,-0.42952383
0.8035301,-0.47356927
0.5707098,-0.20597792
-0.3249812,0.3693782
0.37552917,-0.54204583
0.17213094,-0.40953755
-0.2348113,0.23231304
0.3264352,-0.3910619
0.87353814,-0.5690578
-0.7184334,0.7904656
-0.5954931,0.20071363
0.82709503,-0.28639674
-0.5728246,0.45116174
0.16200304,-0.52563286
-0.412614,0.21464014
-0.311368,0.37312412
-0.2281326,0.24631178
-0.3191588,0.27570498
0.76800156,-0.40333545
-0.17656898,0.5332141
-0.75013316,0.6757804
0.6367732,-0.8543762
-0.4220599,0.2994702
-0.8076639,0.31073856
-0.6765281,0.49913836
-0.54368114,0.8012687
-0.18109655,0.2807201
-0.18585777,0.46506047
-0.7559489,0.7129822
-0.51509464,0.24083734
-0.62249494,0.65880406
-0.8366736,0.5067378
0.34257102,-0.7888993
0.5755378,-0.13896716
-0.81518793,0.40459406
0.1311599,-0.43839645
0.3548268,-0.7845795
-0.18241465,0.47658312
0.68687093,-0.28349125
0.2125696,-0.5846126
-0.84482396,0.34010887
-0.68019783,0.8290913
-0.7710744,0.5251622
-0.6892555,0.5378165
0.6443869,-0.4351027
-0.18708348,0.3287481
-0.7249861,0.18698573
-0.15897524,0.2937789
-0.23943603,0.5061755
-0.784032,0.6284884
0.38085616,-0.34047532
0.22376752,-0.55611944
0.8591696,-0.49296296
0.76040196,-0.5242907
0.33713937,-0.6618295
-0.3209257,0.4794122
-0.61368,0.31731784
0.3697393,-0.26457918
0.22225487,-0.22370768
-0.29108346,0.7483144
0.5784981,-0.33175623
-0.6357472,0.6182494
-0.6878325,0.68855894
0.4984926,-0.27639043
-0.43728638,0.83887565
0.43285847,-0.29900002
0.36899304,-0.5480608
0.48647022,-0.2797091
0.52150965,-0.61719084
-0.82063234,0.33417737
-0.13221014,0.5725374
-0.39632595,0.3239293
0.77413356,-0.27711558
0.73952365,-0.33646095
0.32507503,-0.25809133
0.78310835,-0.56942856
0.7685499,-0.41462708
-0.3484106,0.3367337
-0.2778734,0.46735358
-0.1154356,0.55808675
-0.5234543,0.11591303
0.45897865,-0.64784586
-0.1465702,0.6555568
0.74065495,-0.59821486
0.47773492,-0.33832848
-0.5204295,0.2477678
0.21765733,-0.32982695
0.5582112,-0.8531842
-0.4655825,0.84043276
-0.22819006,0.6278937
-0.42372727,0.111474395
-0.4364468,0.7563727
-0.69004524,0.50357795
-0.61423373,0.2504351
-0.23367822,0.26578188
0.43493366,-0.42200994
-0.47616208,0.33637476
-0.1918143,0.35418606
0.28245854,-0.73530996
-0.6880704,0.70578635
0.12663305,-0.48607492
0.51791084,-0.73176587
-0.57790864,0.52549016
-0.22376215,0.24692798
0.485942,-0.306005
-0.5406829,0.5298543
-0.4542935,0.5456586
0.5849289,-0.27384722
0.5823624,-0.2219007
0.6473609,-0.14573681
0.29378402,-0.35528004
-0.502157,0.8512733
0.12057412,-0.6071507
-0.8076813,0.24780154
-0.57127833,0.770658
0.8811891,-0.5451292
-0.7985482,0.7323042
-0.7003108,0.25722885
-0.19865632,0.7436358
0.35648787,-0.42136586
0.6781397,-0.81066096
0.6474775,-0.84006274
0.48976505,-0.53106916
0.8794751,-0.46453
-0.3949622,0.35151982
0.48928404,-0.6865761
-0.47504473,0.4353341
0.85196495,-0.57514155
-0.45539033,0.83494055
-0.3869146,0.8803829
0.81476057,-0.30764735
-0.75185406,0.5131705
0.8495256,-0.47390962
-0.24117148,0.23627818
-0.6975521,0.38005412
0.35017514,-0.2428385
0.8291142,-0.5592965
0.23054695,-0.60129833
0.7546214,-0.5072633
-0.40621018,0.32451403
0.8220234,-0.41006398
0.4332676,-0.7675245
-0.6635715,0.43632746
-0.86134005,0.4817313
-0.77396095,0.2571404
-0.24442255,0.2576456
0.43156147,-0.854715
-0.5323899,0.553285
0.600369,-0.30071104
-0.31233084,0.74101734
0.2822647,-0.35690475
-0.50171995,0.23475552
-0.22956157,0.67185116
0.46303713,-0.21390104
0.44843316,-0.71283114
-0.63577783,0.5958271
0.49750257,-0.20745623
-0.86591005,0.4263239
-0.46191514,0.7896484
-0.23402512,0.3782469
-0.41538036,0.14111435
0.83870435,-0.6384126
0.6104667,-0.7932606
0.3564993,-0.4403367
-0.18467271,0.3894254
-0.3936957,0.23859155
0.35785604,-0.7914605
0.40005076,-0.44879925
-0.27608407,0.17414415
-0.33875299,0.46528172
-0.5222347,0.31317425
0.61280215,-0.57050395
0.37181413,-0.449463
-0.84990144,0.68310666
0.4238031,-0.28352535
-0.20427787,0.2745099
-0.6983037,0.42480195
0.8320105,-0.55924964
-0.56947243,0.35361373
0.59930956,-0.84729886
0.3884139,-0.1898979
0.7247864,-0.23304224
-0.4595201,0.4187765
-0.41196954,0.5864607
-0.48390555,0.8846383
-0.6186192,0.48998344
-0.6193634,0.7605771
0.44256067,-0.56763196
0.31147552,-0.8159472
0.7511085,-0.33394325
0.47817922,-0.33623564
-0.25965154,0.48503017
0.24999678,-0.3857447
0.75833285,-0.40987897
0.48449826,-0.10831308
-0.49118924,0.8568779
0.51072097,-0.25610125
-0.5734215,0.67377377
-0.6955948,0.3962283
-0.779997,0.33591294
0.24958754,-0.5658188
-0.24945235,0.7172884
-0.6324705,0.6409944
0.50893116,-0.13018
0.88810015,-0.502053
-0.29257762,0.21115303
-0.4875605,0.155774
-0.5621165,0.33720255
0.5025121,-0.68189967
0.25779748,-0.24897027
-0.3410071,0.3474828
-0.8698044,0.5453614
-0.8151107,0.6294341
0.4347421,-0.2676444
0.26157618,-0.622167
0.53113496,-0.17697918
0.6671983,-0.31387782
-0.7920481,0.4040954
-0.7180095,0.2242763
0.52589285,-0.83233166
0.4853872,-0.32484293
0.1069479,-0.49355936
-0.2860793,0.36419666
0.34690738,-0.34683943
-0.5939511,0.80749893
-0.35469234,0.5427971
0.3712659,-0.52410674
-0.6907538,0.40426695
-0.40017474,0.23258793
0.45938647,-0.1896671
0.45402372,-0.7966089
0.29634678,-0.5191692
0.32889462,-0.6800916
-0.28659225,0.54797924
-0.28128695,0.46029758
-0.28112614,0.8033272
-0.7477323,0.21718073
-0.5009035,0.26442826
-0.6815424,0.16842365
-0.58763087,0.24680531
0.7835829,-0.4658122
-0.66354513,0.7062037
0.6724731,-0.5580497
0.39959562,-0.8584441
-0.26091528,0.35310113
-0.680491,0.45687437
-0.657871,0.34466565
0.5555247,-0.42883337
-0.531026,0.3626771
0.49495816,-0.73836815
-0.20109153,0.5217509
0.84601486,-0.6400707
-0.5584724,0.5712048
-0.6020001,0.33898973
0.14684153,-0.5866159
0.306556,-0.16661048
-0.23290563,0.5345037
0.48116755,-0.37291026
-0.23736405,0.2876644
0.818629,-0.6214222
-0.54498947,0.29693472
-0.45001566,0.20394528
0.3580451,-0.72773993
0.6779585,-0.3928361
0.69048405,-0.65797424
0.62309754,-0.41092634
-0.6564146,0.8367845
0.6817808,-0.41597593
-0.25775778,0.54419196
0.6316173,-0.5449331
-0.34527338,0.6431476
0.39975333,-0.2186625
-0.58642924,0.40777206
0.4829129,-0.7856581
-0.2502947,0.52975965
-0.40704274,0.52234495
0.41772735,-0.50404954
-0.48401988,0.59265876
-0.81159866,0.582873
0.5002134,-0.5776844
0.38113785,-0.19745672
-0.4388939,0.13146687
0.13195646,-0.36285567
-0.14966154,0.42232382
0.8876709,-0.43383372
-0.380309,0.8027605
0.20945299,-0.49645507
-0.7341354,0.28601146
-0.78092396,0.6620145
-0.33052802,0.76349235
-0.26328266,0.4845885
-0.764138,0.47959423
-0.6486651,0.61000943
0.3867345,-0.71154046
0.3574921,-0.13297188
-0.6836078,0.24865401
-0.3510574,0.14706492
-0.5878595,0.118555546
0.56999874,-0.17317295
-0.3892039,0.69269013
-0.6357771,0.6857532
0.59983647,-0.7980671
-0.23761392,0.55681396
-0.22728503,0.47704566
0.67769337,-0.7812828
0.3950721,-0.14750993
-0.7672899,0.41235948
0.71536386,-0.47713065
-0.8149743,0.3128022
0.40472722,-0.21749747
0.7900059,-0.2712549
0.4474759,-0.1165781
-0.22789168,0.66319585
-0.30215204,0.4469403
0.8833878,-0.47933495
0.5628866,-0.88279617
-0.21885633,0.25833046
0.7609546,-0.6023531
0.65424323,-0.24680698
-0.6405566,0.81466675
-0.4650526,0.29018176
-0.8580774,0.48504758
-0.52870476,0.66439116
-0.6355696,0.13862503
-0.5497663,0.40767026
0.47811985,-0.43532383
-0.6115203,0.41832423
-0.48938048,0.58626497
-0.70498776,0.19395936
-0.70626533,0.44204748
-0.3261572,0.14880276
0.7260487,-0.25901604
0.37210703,-0.8317213
0.7963003,-0.37715638
0.30803072,-0.50923264
-0.31384933,0.15284967
0.7124162,-0.71473217
-0.380257,0.411752
0.66408706,-0.34370947
-0.7099899,0.41342044
-0.4863634,0.41419077
-0.27515888,0.30124724
0.6551112,-0.86823034
0.5660602,-0.7970754
0.44941938,-0.35139275
-0.36543393,0.19094479
-0.44616067,0.35282075
0.8802451,-0.46290636
-0.5610509,0.33988607
0.15705025,-0.5511875
-0.3382082,0.8238131
0.8163866,-0.4575746
0.4720142,-0.3827114
-0.18879008,0.40881217
0.6116407,-0.3460158
0.728585,-0.71217585
-0.16964889,0.5176655
0.44939077,-0.13647819
-0.894102,0.50921404
0.36639142,-0.18323708
-0.6207645,0.35859764
-0.51987755,0.57443166
-0.5504204,0.43265688
0.3724892,-0.7040725
-0.5026368,0.32538617
-0.42351735,0.30540466
-0.50566816,0.7826723
0.44423878,-0.59577656
0.7800119,-0.711347
-0.81852627,0.61606634
0.26852763,-0.7259388
0.2663163,-0.6553935
0.16865206,-0.48161852
0.38880336,-0.71501803
-0.36458158,0.32929766
0.22473955,-0.7262641
0.60901296,-0.78535986
-0.36003792,0.35375798
-0.39884377,0.81852055
0.6335436,-0.60584867
-0.7157903,0.80487883
0.43295014,-0.21309805
0.16515946,-0.5664966
-0.37554753,0.71388245
-0.7392473,0.52460575
0.32336426,-0.17082405
-0.4903474,0.7689452
-0.3506825,0.25899374
0.40649128,-0.8873218
-0.52894855,0.48274517
-0.47988343,0.6257676
-0.7186742,0.45859718
-0.514686,0.42003667
-0.5798179,0.108913064
0.3689357,-0.5149188
-0.13914335,0.4046173
-0.37261057,0.28400505
-0.2358402,0.78878605
-0.49786913,0.5927819
-0.4023025,0.8025166
-0.6685915,0.6089134
-0.72357094,0.7587899
0.3941537,-0.7945441
0.7249464,-0.6620569
0.5486963,-0.20679867
-0.57587767,0.15813184
-0.12816775,0.51865494
0.7830895,-0.65178645
-0.55257344,0.39289463
-0.5747396,0.118813515
0.16947055,-0.598778
0.30520713,-0.5942153
0.34602737,-0.52253246
-0.38583016,0.2971971
-0.51435125,0.7097304
-0.86245954,0.37405455
0.2673787,-0.8247818
-0.752079,0.36222792
-0.6075653,0.26988876
0.54616,-0.7822529
0.48876345,-0.4028529
-0.29839623,0.40956116
-0.39883816,0.33008683
-0.5826664,0.84334743
0.8221092,-0.46719444
0.41686177,-0.284873
0.5853257,-0.757594
-0.719581,0.319731
-0.44139874,0.7755002
-0.5408758,0.6301435
-0.6304511,0.8007051
-0.8032739,0.62437546
-0.5820795,0.40765786
0.56129885,-0.15866244
-0.7409537,0.56063306
0.3310249,-0.24872375
0.48643947,-0.57441866
-0.16405475,0.6205349
0.254027,-0.7595445
-0.889542,0.41948152
-0.53344226,0.31443286
-0.39269555,0.5162653
0.7133403,-0.524807
0.65552247,-0.86416507
-0.61059487,0.22253346
0.6663871,-0.20633209
0.7107823,-0.7185912
0.38835633,-0.55771935
0.58461404,-0.11672199
-0.5341755,0.30317605
0.4956268,-0.8722707
-0.7786292,0.72284985
-0.26061082,0.7933514
0.49567044,-0.11318469
-0.18165362,0.26551294
0.8686818,-0.4441272
-0.2555064,0.3557799
0.346488,-0.7376615
0.29988527,-0.3329662
-0.2909788,0.186705
0.6379417,-0.13656998
0.5904305,-0.27522755
-0.52991855,0.27324617
0.17369139,-0.27794206
0.48443162,-0.1214149
0.23921001,-0.6709522
-0.66011715,0.17216778
-0.36961317,0.65042675
-0.35518074,0.40474117
0.44208813,-0.8577746
-0.5478586,0.6261544
0.83280396,-0.40401447
-0.75501585,0.7998972
-0.32967842,0.31582105
0.13891447,-0.4643879
0.82916427,-0.48673308
-0.5919304,0.2477318
-0.6672373,0.42640984
0.46810973,-0.75438106
0.3236339,-0.18925428
0.77959025,-0.6806692
-0.6123333,0.3645922
0.41469514,-0.3090514
0.5134667,-0.5550623
0.76514876,-0.7346474
0.14040804,-0.42672956
0.3350693,-0.6807784
0.42350006,-0.3072567
-0.12147856,0.55785084
0.7023828,-0.6974795
-0.7204293,0.43926167
-0.12308502,0.50946283
-0.5370878,0.8948529
0.4818524,-0.7351543
-0.5955728,0.63279164
0.65424085,-0.7558118
0.19463074,-0.44587433
-0.5810386,0.51009405
-0.5848677,0.12500417
-0.79769063,0.7055216
-0.45653784,0.4386475
0.22445083,-0.77888465
-0.35748577,0.33538055
0.5020274,-0.29739654
0.58586776,-0.48492813
0.579568,-0.42719948
-0.5107825,0.63941216
0.7760546,-0.69721687
0.32479346,-0.50395024
0.7609651,-0.77559626
-0.6091653,0.16411352
0.27267873,-0.61425054
0.60200584,-0.82189417
0.42549455,-0.49919462
-0.58137727,0.56170976
-0.2533672,0.31297696
0.8159958,-0.34692585
0.29861295,-0.548522
-0.8699995,0.49113476
0.13194215,-0.46296394
-0.45855308,0.47256196
0.5200236,-0.43053925
-0.35992038,0.1985811
0.567451,-0.56369746
-0.778033,0.23642588
-0.37854767,0.5825479
-0.34047365,0.52857876
-0.6168691,0.499071
-0.38513637,0.49590123
0.51137376,-0.3217126
0.4782251,-0.34150565
0.7391119,-0.72539926
-0.57987726,0.117565036
-0.60346484,0.5987704
0.578171,-0.8283733
0.7517501,-0.31202066
0.28781235,-0.7769587
-0.49258924,0.68915486
0.37986493,-0.3801154
0.59807396,-0.5949396
0.39667487,-0.80965674
-0.39338005,0.35409534
0.26396954,-0.80439544
0.55181384,-0.57315946
0.88223255,-0.61441875
0.32686186,-0.37333083
0.19715118,-0.28303075
0.58064556,-0.6366577
0.23505783,-0.598223
-0.82936716,0.5287628
0.24272716,-0.54019964
0.56789815,-0.71099067
0.1505338,-0.43315315
-0.6331713,0.22402108
0.6099584,-0.6293942
-0.8764533,0.5566881
-0.88417876,0.5680089
-0.629632,0.13628268
0.40124643,-0.20115745
-0.6329733,0.76512825
0.77520955,-0.7868613
-0.48385584,0.4590776
-0.13247299,0.39841318
0.6365888,-0.57707465
0.35874367,-0.76917434
0.44585443,-0.8107561
-0.27937126,0.28616703
0.818076,-0.5880202
0.1913104,-0.5013007
-0.63415027,0.8030317
0.21736526,-0.29369664
-0.6413785,0.5427028
-0.12980902,0.5680584
-0.52033937,0.25680506
-0.23948884,0.54761064
0.17051196,-0.45479906
-0.761147,0.3453889
-0.5296651,0.87175107
-0.23052311,0.603186
0.5255387,-0.8635793
-0.4461193,0.15342689
-0.3165871,0.74636126
-0.36846554,0.1254127
-0.23687589,0.7487972
-0.6775547,0.6585535
0.19316053,-0.30567086
0.1674316,-0.28606236
-0.43948984,0.3345859
-0.5014138,0.8010067
-0.65918803,0.80892015
0.63599575,-0.48809898
-0.28276753,0.80435824
0.59850025,-0.1573211
-0.47211206,0.24500024
-0.30099308,0.26342058
0.80195606,-0.49214327
-0.3475455,0.7761891
-0.69641304,0.18811655
0.39950407,-0.5566164
0.7757318,-0.46270967
-0.2394855,0.1998049
0.39724863,-0.8318765
-0.544873,0.25806177
-0.6769458,0.2844044
-0.50081503,0.74014866
-0.6485412,0.4541998
0.2365607,-0.44769287
-0.19519413,0.25816965
0.77131546,-0.5840043
0.5376339,-0.640224
0.47196078,-0.21955848
0.2881962,-0.83769596
-0.6148182,0.7155373
-0.26021826,0.72682464
-0.44891262,0.14293242
-0.20271528,0.644155
0.58801436,-0.8550565
0.32229853,-0.38950884
-0.40399134,0.7337532
-0.44282877,0.14951026
-0.29436612,0.21967053
0.37185907,-0.7300286
0.8325269,-0.54102814
0.44614553,-0.4034798
0.6183293,-0.13860023
0.48456287,-0.88593256
0.6528982,-0.49881923
-0.32635283,0.15989041
-0.7132809,0.7315841
0.39327765,-0.34391797
0.61833954,-0.17435336
-0.5456933,0.23357975
0.65913045,-0.14181471
0.6168306,-0.4919201
-0.6460118,0.6355182
0.6762732,-0.69665
0.16993928,-0.28110945
-0.5204351,0.7358817
-0.1308819,0.6084267
-0.22571051,0.22593999
-0.8602544,0.582808
0.6355978,-0.46588635
-0.5493884,0.16587424
-0.66771185,0.2771561
-0.26254106,0.6537583
-0.35093153,0.49517357
-0.2286979,0.36030412
-0.51004744,0.8100883
-0.33115935,0.33312404
-0.5348443,0.52444315
-0.6089208,0.7951101
0.70102584,-0.45073402
-0.7448864,0.20188665
0.74833083,-0.45069528
-0.58183765,0.14253318
-0.38220036,0.8457135
-0.21044552,0.74177825
0.37861633,-0.66128373
-0.60582185,0.42850852
-0.49766898,0.6433033
0.26505196,-0.51641953
0.46650922,-0.1492827
0.46054852,-0.20847917
0.77438664,-0.64705884
0.49594903,-0.2012384
-0.6517203,0.8013909
0.58702695,-0.85122013
0.63017344,-0.46645558
-0.57641876,0.5690645
-0.69782364,0.40624452
0.51457393,-0.12472165
0.7699014,-0.4311148
-0.384632,0.40780687
-0.6169193,0.6848923
-0.63999,0.63576055
-0.6733242,0.6287044
0.52057076,-0.32173073
-0.44006038,0.2156539
0.4168539,-0.82329786
0.6421119,-0.24553466
0.59462833,-0.12477696
-0.49058867,0.1587745
-0.39957213,0.6458031
0.5455686,-0.4524511
0.8413032,-0.684466
0.25274003,-0.7984723
-0.73894477,0.81401
-0.173334,0.7067044
0.86584425,-0.4242748
0.52305925,-0.7378932
-0.7154077,0.5396358
0.20176613,-0.62524164
-0.8513694,0.42855144
-0.36682594,0.80444515
-0.22211754,0.27387226
0.45768213,-0.25175834
-0.45681345,0.515005
-0.5730059,0.8866757
0.54051924,-0.41359532
-0.3558669,0.48619258
0.54664826,-0.55407
-0.6019274,0.43915832
-0.8506031,0.41333365
0.55173326,-0.45768952
0.53511405,-0.79919183
-0.4854865,0.8971535
0.117461205,-0.47872198
-0.48527682,0.30262673
0.44518578,-0.3754933
0.3105917,-0.8514464
-0.22161353,0.5874655
0.33713746,-0.6876818
-0.38535762,0.829033
-0.2751335,0.8151572
0.5785599,-0.88078177
-0.37392747,0.36449838
-0.6609802,0.67983246
0.5756097,-0.7943214
-0.123514414,0.3860507
0.6490184,-0.73707044
0.55371106,-0.4320433
-0.5696336,0.47225058
0.4111128,-0.7732506
-0.8679303,0.5588317
-0.71555865,0.77962196
-0.49441218,0.40563047
-0.40326285,0.68889487
-0.1434933,0.47265828
0.49495864,-0.7747328
0.48470104,-0.3621924
-0.32937944,0.61521685
-0.50949514,0.87862635
0.47038138,-0.70405245
-0.515741,0.56910133
-0.3965361,0.50921357
0.6513182,-0.59351945
0.78285134,-0.3348136
0.4794209,-0.28040564
0.19223762,-0.60644734
-0.79663825,0.73455656
0.26074135,-0.3304695
0.2265253,-0.64269793
-0.4268402,0.65359557
-0.5099126,0.54526365
-0.4441676,0.18454337
-0.7328584,0.5186504
-0.16022229,0.35983026
0.6693225,-0.54904604
-0.30216146,0.26632357
0.7409195,-0.44036973
0.17217839,-0.6367891
-0.60192597,0.7501681
0.4032787,-0.38891673
0.43943393,-0.6375953
0.117592335,-0.519274
0.43349612,-0.48646557
-0.3322444,0.40953636
-0.856743,0.5432049
0.6282083,-0.60130525
0.4901352,-0.15500522
0.5621518,-0.3367293
0.73407173,-0.49950194
0.28432047,-0.44956446
-0.57328594,0.14230931
0.54281974,-0.41540444
-0.3059559,0.22316468
0.40342247,-0.45605123
0.35843098,-0.23774743
-0.16319442,0.46131063
0.10423374,-0.5427897
0.73510563,-0.30205524
0.64944553,-0.77622366
0.6877961,-0.25949848
-0.76221323,0.6943325
-0.6191225,0.8582506
-0.39456236,0.31648695
-0.6947304,0.2234106
-0.6472939,0.32413816
-0.54636765,0.24139464
0.80546176,-0.73823464
0.58456326,-0.6654209
0.41416454,-0.11484754
0.34769702,-0.3853743
-0.45298362,0.75641024
0.5781348,-0.60733914
0.22831571,-0.5334375
0.71532977,-0.5348675
-0.6904714,0.48280168
0.59745264,-0.44701946
-0.5169034,0.23132491
0.25249302,-0.5734099
0.42583966,-0.8641883
-0.22057652,0.74393106
-0.7065282,0.6590277
-0.4441409,0.5364839
0.8031666,-0.6348462
-0.6266644,0.4895761
0.4758289,-0.35251486
0.16489124,-0.40133977
-0.26654053,0.50928235
-0.36506236,0.1736604
-0.53628385,0.5619116
-0.3873999,0.40481126
-0.64303505,0.24747777
0.4469005,-0.21919203
-0.44232035,0.8801538
0.52750945,-0.7829013
0.5919783,-0.49499142
0.6200943,-0.5789393
0.32895613,-0.8343018
0.26835334,-0.41617537
0.62155795,-0.33188963
0.44260943,-0.67125463
0.48208833,-0.72640836
0.8665993,-0.44285762
-0.72362196,0.5308397
-0.5588318,0.33484387
0.39358652,-0.54421496
0.7353362,-0.2944547
0.2338599,-0.53578126
0.45460415,-0.20998418
-0.4789157,0.21123087
0.21531808,-0.49462914
0.18043315,-0.6900177
-0.20420182,0.46024823
0.7890855,-0.4200238
-0.44332516,0.4904238
-0.17311835,0.5272224
-0.38571978,0.7298691
-0.5753586,0.7039373
-0.45138717,0.30159342
-0.7595551,0.32798576
-0.44963717,0.80573976
-0.48003805,0.5645467
0.35461307,-0.8464023
0.23341179,-0.6306708
-0.48749006,0.17950249
-0.5606922,0.2759539
-0.18777013,0.25832653
0.3879416,-0.6489979
-0.3251753,0.7364738
0.45060194,-0.6536524
-0.43922496,0.50517297
0.36012506,-0.15270412
0.5962645,-0.41334975
0.70736945,-0.67621017
-0.42730856,0.25928247
-0.45992565,0.20586216
0.41763687,-0.6233281
0.46843028,-0.7330587
0.68290365,-0.6648195
-0.69444335,0.25271928
0.7735212,-0.38242412
0.7129413,-0.279132
0.82929814,-0.6229223
-0.6536114,0.63810873
0.77108717,-0.6869292
-0.6358259,0.7206538
-0.690799,0.30459726
0.296098,-0.7477311
0.4173479,-0.35679984
-0.28438735,0.41114068
0.16070938,-0.29480624
0.5100144,-0.532882
0.3380537,-0.4124372
-0.4231435,0.8424469
-0.23216903,0.56970775
-0.22703445,0.44614744
-0.4178363,0.3730322
-0.5857674,0.76338387
-0.5962317,0.33007264
0.249012,-0.58452344
-0.7688265,0.4390558
-0.77993774,0.5175204
-0.6771283,0.54499936
0.5393219,-0.46428132
0.14456284,-0.36416984
-0.29503548,0.6946167
-0.2348361,0.42005932
-0.66025484,0.65416455
0.7206726,-0.81234396
0.2688681,-0.64457214
0.3468002,-0.5861821
0.26587033,-0.22411036
0.36546302,-0.18817854
-0.46722496,0.407799
0.5908234,-0.237921
-0.55921495,0.28520226
0.5402677,-0.7723559
0.7980499,-0.45528722
0.3299781,-0.57576287
0.80788505,-0.651536
-0.5141052,0.50740206
0.2058692,-0.6736897
0.5088471,-0.33104157
0.30614233,-0.7311977
0.2832681,-0.53429484
-0.23020303,0.56164503
0.2203753,-0.3423519
-0.5287504,0.85856044
0.5683491,-0.12698877
0.5359963,-0.7026874
0.5050875,-0.5860088
0.4902135,-0.7543123
0.16357696,-0.46097326
-0.29017842,0.8167895
0.47185206,-0.3283826
-0.78697765,0.320688
0.25151968,-0.3336588
-0.48314893,0.39934945
-0.50701964,0.30504298
0.55686307,-0.62299335
-0.21512628,0.474061
0.32859504,-0.2878027
-0.3624128,0.2803074
0.6168642,-0.31069517
0.5500884,-0.2803794
-0.54431176,0.12230563
0.26229012,-0.7287675
-0.6370343,0.72565424
-0.7198862,0.4411968
0.40018606,-0.5749855
0.8786038,-0.45666182
0.68700206,-0.3473872
0.4047445,-0.53090954
0.3106569,-0.6009065
-0.43893504,0.14881313
-0.7828946,0.6599685
-0.8518642,0.46581304
0.43775034,-0.66530883
0.58473635,-0.5719329
0.16665411,-0.34674418
0.462965,-0.57391167
0.32701015,-0.46560705
0.726537,-0.4026668
-0.65352213,0.18665779
0.7610444,-0.33252585
-0.4410938,0.48570585
-0.1764518,0.32939768
0.26238966,-0.5901123
0.83078647,-0.47766078
-0.24962413,0.26255465
-0.8278885,0.68348026
0.5579765,-0.2534411
0.7007148,-0.6514207
0.39573967,-0.7676259
-0.8612217,0.5274714
-0.40708792,0.73091805
0.65147316,-0.5928117
0.38351727,-0.5695424
0.73117316,-0.7383332
-0.7494645,0.3876071
-0.43711174,0.8170135
0.43600047,-0.78420305
0.7296593,-0.7235533
0.8417268,-0.58149874
0.75117683,-0.22359157
0.51642776,-0.17324543
0.610628,-0.48319602
-0.68013513,0.36670136
0.5080521,-0.52635133
0.14633787,-0.41448772
0.38000846,-0.76352906
0.66167223,-0.36979353
0.5719024,-0.7010653
0.27274334,-0.60706973
0.24776924,-0.35342538
-0.26475525,0.58217216
-0.8233838,0.69166994
-0.41617072,0.28109705
0.469522,-0.68439615
0.7943275,-0.46436143
0.16097426,-0.55959487
-0.2755003,0.75135076
0.4834304,-0.8916018
-0.40837705,0.59321797
-0.24025512,0.55200493
0.40874064,-0.13020003
0.7569865,-0.79359114
-0.27847898,0.22891188
0.62909174,-0.6406436
0.40081644,-0.79951847
-0.45255268,0.42324674
-0.8536434,0.4171281
0.4441589,-0.47760355
-0.6260971,0.37262356
-0.3741796,0.22085595
-0.32742333,0.47083747
-0.6393087,0.6591289
0.26288915,-0.519102
-0.15032613,0.51359475
-0.2603606,0.46637094
0.65594137,-0.60975015
-0.39493668,0.60717976
-0.55399597,0.35817516
-0.7839397,0.26829875
0.3497331,-0.42785168
-0.34420478,0.79786
0.72162914,-0.54261196
-0.34973907,0.42186093
0.8103199,-0.3311293
0.17411482,-0.30057538
0.74497867,-0.34894955
-0.13722825,0.4075086
-0.60880005,0.5936669
-0.6886983,0.26031387
0.69172907,-0.6567236
-0.20464683,0.5026711
-0.56270015,0.86661065
0.1330719,-0.52889895
0.18666339,-0.365646
0.57695174,-0.32050276
-0.36953008,0.37016964
0.43916583,-0.6318531
0.61323106,-0.5135468
0.48207688,-0.59374
0.4973024,-0.55026674
-0.46895754,0.42916274
-0.20971191,0.49228263
-0.5245087,0.40138662
-0.16273141,0.6468265
0.7877151,-0.46339715
-0.21652317,0.52952504
0.6037916,-0.4808296
0.80574286,-0.42755604
0.75311947,-0.40646756
0.13835418,-0.48437583
-0.2841338,0.5997535
0.258685,-0.43675113
-0.73503184,0.28414834
-0.48365223,0.7283596
0.2864076,-0.38008785
0.5437523,-0.73099995
-0.47974873,0.41669726
0.24075818,-0.7826003
-0.4106859,0.8438914
-0.80799234,0.5699359
-0.40369844,0.3893553
0.52326727,-0.17004287
0.51316667,-0.8760623
-0.15392041,0.6338117
0.83400655,-0.4815725
0.77216196,-0.65838754
-0.8652772,0.6116681
0.55570734,-0.843917
-0.65843165,0.46373188
-0.5102453,0.57642925
-0.3888929,0.8609915
-0.69711185,0.52993226
0.27306485,-0.3037839
0.1475296,-0.31237888
0.2591424,-0.3596177
-0.5074197,0.46659923
-0.6350255,0.31505692
-0.53735936,0.37802362
0.38459802,-0.22634757
0.68957245,-0.2687415
0.32044888,-0.48144007
0.41979885,-0.6593945
-0.19499981,0.6457921
-0.4434743,0.2507689
-0.378996,0.74209046
-0.24591756,0.2208401
0.5198593,-0.3178264
-0.36078346,0.79176545
0.30456054,-0.24516296
0.73417044,-0.33469772
0.26921487,-0.5528734
-0.117593884,0.5030737
-0.35605192,0.40095818
-0.31291783,0.843734
-0.45931673,0.38423467
0.8300675,-0.7120826
0.7094636,-0.60963285
-0.74473023,0.38680542
-0.7239014,0.7978282
0.5275874,-0.6204654
0.42447984,-0.5324906
0.7176479,-0.2893827
0.7380004,-0.59343696
0.53494084,-0.22783089
0.50378084,-0.31771517
0.57923317,-0.4677863
0.17056632,-0.46655953
0.7070248,-0.6830766
0.7398325,-0.27981043
-0.50885296,0.5429431
0.66144514,-0.359079
-0.6010746,0.20667577
-0.5326052,0.14017224
0.88338935,-0.5921955
0.30240405,-0.6851299
0.30783606,-0.3453611
-0.3741455,0.4337566
0.36015916,-0.7260169
0.1596067,-0.5325278
0.19740605,-0.41808927
0.6114434,-0.35181403
-0.6721468,0.15826309
-0.14233899,0.52679765
0.77164197,-0.7249658
0.70913446,-0.39960825
0.82435405,-0.3273921
-0.68175256,0.23849511
-0.52050865,0.8921058
0.2589121,-0.80252814
-0.5695106,0.29598022
-0.7986206,0.6021892
-0.42374408,0.8650403
-0.66199744,0.14353538
-0.7530079,0.6105143
0.6349361,-0.82393134
-0.550699,0.63900137
-0.43327415,0.22115457
-0.65308475,0.60010815
0.22189093,-0.39590597
-0.2660941,0.7173445
0.77100575,-0.4451226
0.80416787,-0.631125
0.7079867,-0.8222326
-0.5622419,0.31257033
0.52623475,-0.3255626
-0.61288965,0.43058944
-0.7639749,0.7571484
0.6225816,-0.24050868
0.6343498,-0.52023315
-0.18791223,0.73070395
0.43212748,-0.4090147
-0.4489026,0.53214455
0.5941504,-0.6893412
-0.72308147,0.26220977
0.7302228,-0.2235254
-0.62757576,0.58191967
0.33271778,-0.69871414
-0.29626942,0.4611112
-0.6047782,0.42335272
0.52974,-0.2498995
0.42505658,-0.31229925
0.2858081,-0.40340638
0.65661347,-0.3529868
0.63673973,-0.18753743
-0.84958935,0.30565143
0.41417384,-0.5431231
-0.5237688,0.10122967
0.5322335,-0.5560696
-0.8262882,0.48192906
-0.67536926,0.64880574
-0.79383314,0.7713493
-0.23723781,0.52954614
-0.83792615,0.55447423
-0.6984844,0.80313694
-0.2189759,0.39628923
-0.27102304,0.22783887
-0.71106625,0.30436206
0.4874221,-0.39771783
-0.16210234,0.6308322
0.5212455,-0.18337953
0.79660904,-0.69003415
0.85856605,-0.34793544
0.37415767,-0.83025646
-0.77081895,0.31097496
-0.522557,0.57412946
0.84004366,-0.35518527
0.62678444,-0.8350419
0.69597983,-0.37006438
-0.8068725,0.31960166
0.31644392,-0.3603282
0.3550681,-0.81333566
-0.48203444,0.32893562
-0.40315628,0.38819492
-0.107616305,0.57327974
0.67842436,-0.80226624
-0.49903607,0.7425884
0.17159009,-0.40484202
-0.47852492,0.29511774
0.649021,-0.5623559
0.4085523,-0.8548045
-0.53037655,0.18780172
-0.2404536,0.73126125
-0.5702127,0.63833845
0.60440695,-0.7681185
0.37375975,-0.5167935
-0.5522709,0.31786442
0.7252164,-0.6162877
0.41131735,-0.6253687
-0.7239244,0.7418202
0.5417328,-0.531865
0.78403866,-0.5816587
0.6346421,-0.49812937
-0.6670896,0.5219785
-0.42700696,0.6189536
-0.8165544,0.3988031
0.39826834,-0.3297646
0.40802264,-0.61062837
0.66490877,-0.28400326
0.22277749,-0.73570883
0.51696384,-0.7124058
0.3014828,-0.32817042
0.33524334,-0.71605027
0.14070535,-0.5122776
-0.6310371,0.27437878
0.829124,-0.52354074
0.12005389,-0.45725465
-0.16162753,0.35914445
-0.42919254,0.80158556
-0.8158368,0.72937787
0.35726964,-0.6144682
0.7012459,-0.8187678
0.66146505,-0.62529075
0.4678676,-0.3619907
0.5850811,-0.35806
0.16254532,-0.49262404
0.4883424,-0.59067404
0.33852768,-0.4349234
-0.21232033,0.50751567
-0.56610477,0.15347672
0.70493865,-0.3414892
-0.43602395,0.44600463
0.7927811,-0.72748446
-0.3614204,0.6251981
-0.5068579,0.5088501
0.72368324,-0.6383654
-0.6523316,0.22324824
-0.4737854,0.49672008
-0.6079614,0.82096577
0.48387945,-0.55330443
-0.75935364,0.564275
-0.87393236,0.5508871
-0.28169096,0.79795
0.5792824,-0.6826763
0.8337401,-0.63285863
0.7913116,-0.72885835
0.69425964,-0.7155416
-0.5255617,0.77043104
-0.49385333,0.72515035
0.76500595,-0.7984967
0.2475462,-0.46281302
-0.48514688,0.36599267
0.45407403,-0.7105483
0.672063,-0.20271158
0.356398,-0.67729414
0.22296154,-0.56130993
-0.5594349,0.39743435
0.27992666,-0.67621136
0.71677864,-0.52242756
0.58637,-0.22634971
-0.38251817,0.29438567
0.6416311,-0.14554393
0.64298344,-0.32773352
0.73931897,-0.67401767
0.58488965,-0.8025434
-0.73335326,0.7296686
-0.4437145,0.38546288
-0.3464892,0.82736003
0.23466825,-0.5309913
0.5888773,-0.77984774
-0.41231525,0.7353668
0.5047884,-0.28183353
0.25282001,-0.72146153
-0.15268946,0.4423313
-0.22834623,0.7584473
0.3924241,-0.37304914
-0.630499,0.20278656
-0.33731973,0.1881299
-0.79611015,0.5434903
-0.31805003,0.6410581
-0.87552154,0.5953504
0.63545513,-0.7270154
-0.24291432,0.53035367
0.4781605,-0.42250884
0.56644714,-0.6808046
0.14703631,-0.35700774
0.59583604,-0.33208
0.27800715,-0.21859038
0.6665307,-0.47808456
-0.7799469,0.4245199
0.632481,-0.788345
0.35101783,-0.6813508
0.20766544,-0.52653885
-0.7401104,0.5137508
-0.2496593,0.60666776
0.7745737,-0.6065874
0.3202623,-0.27835047
-0.37600887,0.37477767
-0.1860317,0.46783698
-0.38223946,0.15062857
-0.443717,0.1589067
0.3919555,-0.7918408
-0.41788733,0.22790456
0.21797204,-0.26474333
0.3267846,-0.31387746
0.57316136,-0.56691194
0.37559342,-0.75124574
-0.23155892,0.7030817
0.3516525,-0.8320118
-0.4064138,0.20555425
-0.78172255,0.2899592
-0.47303486,0.2921934
0.15800059,-0.41881108
0.34001803,-0.45865846
-0.15178132,0.63029945
0.5812528,-0.81281006
0.40244186,-0.254959
0.17142224,-0.65545
0.21848094,-0.47478998
0.6081523,-0.7003703
-0.26665187,0.7542753
-0.32988143,0.74221754
-0.8087857,0.73238456
0.44530237,-0.5489085
-0.3152722,0.16219962
0.6912267,-0.3829062
-0.45617986,0.38514197
-0.1572982,0.3255031
0.54277694,-0.2324661
-0.7479515,0.6796864
0.47499168,-0.8211415
-0.86435413,0.6270006
-0.55500543,0.33015
-0.5433681,0.83613515
0.21764565,-0.38466132
-0.35044384,0.32524073
0.43200004,-0.75917995
0.3058126,-0.47673202
-0.71559656,0.7164633
0.6365838,-0.30595994
0.2376697,-0.7135397
0.36830688,-0.3890686
0.2563597,-0.4840101
-0.723289,0.82718027
0.85954535,-0.45404708
0.31469917,-0.6918082
0.12276709,-0.41433668
-0.33194542,0.8270254
0.5782654,-0.73357975
-0.30385542,0.22568846
0.8361968,-0.40907288
0.38592756,-0.36950505
-0.13985264,0.3511752
-0.56637764,0.25134385
-0.557454,0.50172985
0.53693604,-0.39626467
-0.1857636,0.42057443
0.49443316,-0.29155207
-0.4011184,0.51855564
0.3873005,-0.17086923
-0.3178892,0.18431902
0.5898063,-0.36752558
0.29887748,-0.48826945
0.26374304,-0.6374514
-0.19698,0.65925133
-0.5350592,0.27444184
-0.40782452,0.21153653
0.5322392,-0.40639472
0.5471877,-0.1457715
0.5557872,-0.821843
-0.5392815,0.46131516
-0.7971053,0.63615096
0.44465125,-0.39039195
-0.20189476,0.3747356
0.43459094,-0.26251125
0.574824,-0.678105
-0.5317172,0.59336483
-0.7578479,0.46710372
0.103057146,-0.4950347
0.85239863,-0.3272841
0.32115436,-0.4746511
-0.6084796,0.8175241
0.37133634,-0.26080406
-0.42075753,0.5987915
0.51727426,-0.5455524
0.61632013,-0.56154025
0.47492158,-0.5846373
0.5194545,-0.5713769
0.38571036,-0.5373353
0.8757311,-0.38309968
0.3377241,-0.39702868
0.63265884,-0.65241396
