-0.87792945,-0.84114945
-0.111141324,-0.33050346
0.8283285,0.11036301
0.73919857,0.08726275
0.032567143,0.36027038
-0.98574364,-0.7106906
0.25752282,0.13870454
0.6829468,0.11747861
-0.024964333,-0.09289026
0.9427396,0.09625435
-0.050718546,-0.62062943
-0.90158224,-0.34059978
-0.78281105,-0.9832741
0.74832225,0.8722507
-0.8733239,-0.06161368
0.64796364,0.9658271
0.006480813,0.63325155
0.07312977,0.17813265
-0.7460363,-0.82513213
0.95578384,0.7545229
-0.61588776,-0.9433379
-0.87267506,-0.3314085
0.047224402,0.29955077
0.1326145,0.664598
-0.9292455,-0.17832744
-0.045683146,-0.30765653
0.38418138,0.069381475
0.1674211,0.80072653
0.07299459,0.83149457
-0.61941934,-0.9543054
-0.8927969,-0.61932266
-0.5185102,-0.96353376
0.011500835,0.13575292
-0.24848151,-0.8477832
-0.9409344,-0.8593974
0.8852283,0.17742085
-0.20807505,-0.011205077
0.19352448,0.97945404
0.7142619,0.025281906
-0.933174,-0.9330075
-0.0076698065,-0.28600502
-0.17917693,-0.9461409
0.9676521,0.43679476
0.9383067,0.8144767
-0.79626346,-0.21418214
0.23598146,0.19181883
-0.805532,-0.04278457
0.13463068,0.23461509
-0.016907692,-0.31492865
-0.104768276,-0.2681899
0.5109104,0.07265067
-0.35965705,-0.009424686
0.61167467,0.9337851
-0.96139026,-0.7563119
-0.99258566,-0.49006462
-0.90225184,-0.80998003
0.20471346,0.2241695
-0.95273876,-0.54039943
0.3807037,0.93893456
-0.2581421,-0.98679554
-0.7584443,-0.887612
0.80184937,0.048292518
-0.76411164,-0.055540085
0.10832608,0.92949617
0.19522667,0.08467317
-0.07329154,-0.05763328
0.9242157,0.7482121
-0.90837836,-0.85804844
0.14829063,0.3061298
-0.748121,-0.97310996
-0.056304693,-0.044940352
0.3022976,0.14921033
-0.07713413,-0.8844526
0.06616759,0.6516681
-0.2692275,-0.90366197
0.90130746,0.6348481
0.96901774,0.16794515
0.09329903,0.36195147
0.9199014,0.60447645
0.9859308,0.34467208
-0.05588138,-0.2737744
-0.79017663,-0.89808583
0.98320293,0.61367464
0.91037977,0.24803257
0.9387096,0.76832616
-0.6743605,-0.89545655
-0.010241389,-0.6482247
0.17938197,0.035652876
-0.047459364,-0.64296126
-0.99924207,-0.29882967
-0.076998115,-0.36311388
-0.38857365,-0.9171784
-0.7401973,-0.0032330751
-0.25777352,-0.9015957
-0.046010137,-0.69677174
0.16269755,0.83717513
0.7140267,0.92413807
-0.8458991,-0.8191079
0.93601596,0.39377582
-0.038066864,-0.7485012
-0.5467969,-0.047675967
0.9515071,0.73644054
-0.5319735,-0.0047824383
0.29940844,0.05919373
-0.73235345,-0.9020027
0.029347062,0.8464805
-0.012956381,-0.029180288
-0.92480075,-0.8754262
0.36339176,0.014419317
0.3116634,0.91491735
0.26444352,0.8847934
-0.90122664,-0.1023792
0.096370935,0.9742663
0.9291291,0.1741308
-0.25115716,-0.81986904
-0.4997151,-0.9454465
-0.16033185,-0.2848637
0.0681591,0.7368051
-0.014190435,-0.7410835
0.037816763,0.9458463
-0.9889902,-0.7608161
0.9555112,0.7503638
-0.7038022,-0.09838927
-0.26510954,-0.0043588877
0.83391607,0.19601142
-0.08631194,-0.75912297
0.09240723,0.061505556
-0.9925375,-0.1548233
-0.9760798,-0.63390934
-0.055051684,-0.6015563
0.9481367,0.3599118
-0.5960841,-0.09112406
-0.38477838,-0.02518773
0.9190222,0.58219576
0.8541844,0.9367366
-0.23933291,-0.12921333
0.8192575,0.09057081
0.82743216,0.029044509
-0.6242229,-0.95772886
0.8477689,0.076336026
-0.51751244,-0.061798573
0.8474579,0.10782981
-0.396515,-0.021199226
-0.3323623,-0.9471607
0.5286943,0.062157154
-0.8657416,-0.955979
0.41240585,0.09197724
-0.2067126,-0.0050183535
-0.44678795,-0.07566869
-0.9739324,-0.37981784
0.6829529,0.9716482
-0.6813979,-0.9701644
0.021086454,0.3686204
-0.18663096,-0.032648087
0.8095702,0.007594347
0.9889941,0.9101094
-0.80286837,-0.22413123
-0.18014872,-0.86667013
0.64286315,6.828308E-4
0.28499687,0.94226813
-0.67453456,-0.8737215
-0.7539333,-0.9793321
-0.7016938,-0.12366283
0.40789473,0.05466616
0.04339528,0.5706154
-0.89987946,-0.76142216
0.9758328,0.98682714
0.30723572,0.03697884
-0.26577008,-0.048014402
0.7742772,0.8071263
-0.5014688,-0.046251416
-0.96529114,-0.8146614
0.18712151,0.7878455
0.62895954,0.9389739
0.5108905,0.9794029
-0.2016232,-0.8652606
-0.7033484,-0.97873306
-0.85247874,-0.72696865
-0.45517516,-0.059830546
0.7385745,0.8613386
-0.51778066,-0.9796039
0.2748083,0.8323686
0.6372614,0.0152750015
0.9720155,0.85404325
0.15501833,0.0018011332
-0.9026365,-0.431993
0.26758385,0.83485913
0.09344554,0.024027586
0.15711391,0.8967192
0.8470442,0.9140918
0.19298506,0.9331627
0.24861991,0.9876566
0.045545697,0.9004872
0.6312697,0.89889693
-0.14821017,-0.86413956
0.46884823,0.08162284
0.87808824,0.8537859
-0.06593609,-0.77917135
-0.78079045,-0.12163341
-0.8810444,-0.3635205
0.8446617,0.034578204
-0.9976227,-0.743927
-0.061247468,-0.17804515
0.9206282,0.052199483
0.8356508,0.98660064
-0.65606666,-0.92058897
0.94062126,0.6462885
-0.9158988,-0.7786515
0.9447782,0.5989982
-0.4336387,-0.0910939
0.4883039,0.93825924
0.057207108,0.7472975
-0.8698126,-0.91274977
-0.91787195,-0.36551464
0.88362193,0.27688646
-0.59905195,-0.037231803
0.2010864,0.80999994
-0.09683716,-0.46439207
0.89579725,0.68719053
-0.009940863,-0.29197
-0.9973167,-0.75091887
-0.09427643,-0.4169215
0.6018361,0.048409224
0.23315585,0.84409297
-0.9439448,-0.530638
0.6247442,0.09096491
0.90212953,0.53002596
0.8993542,0.16472125
0.046287656,0.3084476
-0.71127987,-0.016177416
-0.77500236,-0.1408459
-0.12811744,-0.09281242
0.93180096,0.7251942
-0.9757713,-0.18735433
0.115936995,0.8813529
-0.7321408,-0.039904594
0.7180041,0.12440705
0.07059467,0.7125007
-0.0050082207,-0.88880396
0.2913822,0.9794339
0.07682705,0.596215
-0.31441128,-0.07025468
-0.058475852,-0.3862908
0.012544513,0.12338495
0.045968294,0.1529659
0.18169212,0.19332886
-0.87181795,-0.77576196
0.0135064125,0.2597295
0.99728596,0.91439795
-0.9373485,-0.12808311
-0.40967786,-0.89740264
-0.45548284,-0.076478004
0.9776161,0.9537084
-0.028309822,-0.5021986
0.05621016,0.9510852
0.9039917,0.18379688
-0.9399396,-0.06711519
-0.26246023,-0.8947207
0.3337326,0.07798207
0.17681694,0.1312213
-0.29136717,-0.9194876
-0.86111176,-0.31937218
0.1980772,0.8680165
-0.042011857,-0.017647862
0.9338298,0.66479623
-0.48289657,-0.94903064
0.907362,0.94619536
-0.11478472,-0.18482745
0.023329973,0.89480054
0.45529842,0.9414104
0.76336324,0.16703439
-0.104236364,-0.13774514
0.9895325,0.14366436
0.8810905,0.91351426
-0.3365476,-0.9207033
0.057091594,0.10945094
0.78103983,0.9445394
0.9809452,0.8644018
-0.943617,-0.3516209
-0.043533802,-0.42044187
-0.7230258,-0.119113564
-0.19505584,-0.8110881
0.8765433,0.9452239
-0.9043021,-0.28835642
-0.9666829,-0.044886112
0.4843496,0.026432395
0.599499,0.9387959
0.2888385,0.9469464
-0.011743903,-0.4481783
0.299088,0.010712981
0.920396,0.55289924
0.68549895,0.89741516
-0.03535354,-0.43661857
0.25007153,0.84998906
-0.806085,-0.001588583
0.44392824,0.9978628
-0.2981404,-0.98487747
-0.069016814,-0.41190875
0.5975405,0.968385
-0.95443475,-0.65560997
0.90418863,0.62243295
0.9397615,0.81003153
0.9846436,0.37244892
-0.9334632,-0.38484037
0.62851346,0.08422518
0.96577275,0.4551115
0.8552277,0.8600476
0.6532912,0.99156547
-0.68547106,-0.95691395
-0.467816,-0.951519
0.12536705,0.6517956
0.090907454,0.63810277
0.97506905,0.79034615
0.10511339,0.78178656
-0.8138609,-0.16297638
-0.099799156,-0.36090076
-0.43118775,-0.089250445
0.25688612,0.9698982
-0.8854623,-0.9884628
-0.27354157,-0.10954726
0.9139664,0.122305036
-0.5507028,-0.9804368
0.06894934,0.7370268
0.38140297,0.103282094
-0.79427993,-0.79694664
-0.08492172,-0.12051523
0.8476182,0.035595894
0.44535565,0.037487864
0.92807233,0.64423037
-0.97449064,-0.95103145
0.64930296,0.10561144
-0.3489666,-0.017842531
-0.14641547,-0.23326743
-0.32478786,-0.086845756
-0.80950034,-0.94206
0.97003853,0.80718565
-0.6822165,-0.86858094
0.98903286,0.21716893
0.0528028,0.31563044
0.8119911,0.9323158
-0.30175757,-0.8693763
0.8313403,0.91278815
-0.122305274,-0.10552418
0.013683319,0.2306974
-0.10879183,-0.34101844
-0.1978395,-0.9939189
-0.08015382,-0.88994026
-0.16101146,-0.7339636
0.029647231,0.8277489
0.49775374,0.08874142
-0.4374845,-0.9724767
0.07082832,0.33299017
0.9278687,0.6104789
0.92262983,0.92147577
0.9110632,0.6610323
0.9282036,0.46091855
-0.007686734,-0.368559
0.07109523,0.1173079
0.86909354,0.89650023
-0.03752494,-0.1876105
0.18090463,0.016977191
-0.9073931,-0.8477231
0.83472633,0.72471094
-0.9074967,-0.022812963
-0.9286723,-0.68596184
0.05341029,0.26027012
-0.9837426,-0.34482944
0.67154825,0.058617234
-0.771579,-0.9816792
0.9666014,0.002512455
-0.86062455,-0.13698542
-0.8217076,-0.7588762
0.13409674,0.91979873
0.9061973,0.65885663
-0.9510908,-0.56263053
-0.09647918,-0.970165
0.7142997,0.86288023
0.585855,0.96930933
0.011449933,0.013924122
0.9414593,0.2210238
0.711673,0.88357806
0.6634108,0.9314641
0.059440255,0.6352112
0.988821,0.25884295
0.23842311,0.06890893
-0.06871331,-0.93606555
-0.13374245,-0.06560576
-0.47288895,-0.07287109
-0.8560684,-0.30494177
0.14121509,0.033845782
-0.84883785,-0.15251958
0.14182186,0.3086828
-0.94250846,-0.5986501
0.10777211,0.9219756
-0.94504,-0.7030394
-0.6724993,-0.036922812
-0.9115505,-0.52423406
-0.49173307,-0.96424913
-0.11289358,-0.28821218
-0.83813787,-0.057482958
0.44157624,0.9004555
0.3090155,0.90527165
-0.66456735,-0.8662958
-0.7870977,-0.19319522
0.9662888,0.48250604
0.97915244,0.55775523
-0.35297072,-0.0731926
0.19313192,0.9361031
-0.96376956,-0.6112511
0.9741703,0.061250687
-0.87434256,-0.28215492
-0.16110158,-0.024183393
0.2874409,0.06381285
-0.69248116,-0.06579316
0.12090516,0.8144611
0.1480205,0.70187986
-0.9229959,-0.5061544
0.095427155,0.2588849
0.5252962,0.0049682856
0.21135592,0.14930594
0.97504556,0.7492938
-0.35688508,-0.91819835
0.023325086,0.9083767
0.8472576,0.92017365
-0.34894598,-0.08062732
-0.88404036,-0.20319164
-0.044712782,-0.368178
-0.09443474,-0.9269836
-0.9033663,-0.9498068
-0.021146894,-0.4039594
-0.89542675,-0.91850793
0.9164121,0.91222453
-0.9158039,-0.7613653
-0.96096885,-0.43751705
-0.26472473,-0.093259215
0.7055328,0.9576143
0.656533,0.028481007
-0.8505392,-0.88773334
-0.6862159,-0.024443269
0.9371704,0.39016044
-0.908775,-0.9690099
-0.63114417,-0.10400677
-0.2741959,-0.98897326
-0.025930882,-0.47387898
-0.22730505,-0.80891466
0.24659944,0.084478974
0.23530245,0.15166044
-0.9044726,-0.29477835
0.16711402,0.013610005
-0.21917486,-0.16284919
0.9331974,0.64856064
-0.095245,-0.5641222
0.13051224,0.7547786
0.12030828,0.9336568
-0.94018984,-0.29365015
-0.9404994,-0.07157552
-0.10544562,-0.7838911
-0.83256066,-0.14561558
-0.8466872,-0.13621593
0.9020966,0.9380642
-0.8451735,-0.085807204
-0.6916343,-0.0807488
-0.748232,-0.096595764
-0.87834,-0.29347456
0.99589324,0.7976558
0.79195714,0.9753982
0.87909377,0.76627874
-0.06406069,-0.9015242
0.08370912,0.3356874
0.8941374,0.8453889
0.5054002,0.052684784
-0.8275198,-0.91885483
0.9292145,0.8380424
0.024778008,0.06907117
-0.8685112,-0.20690763
0.9712434,0.40172744
-0.6637621,-0.8747611
-0.82085836,-0.21268427
-0.059506416,-0.7579001
-0.099619985,-0.25411296
-0.94875443,-0.31254137
-0.8196112,-0.1217432
0.04124701,0.63309014
0.17188323,0.933674
0.97418094,0.8442713
0.05924344,0.16480708
-0.7592684,-0.115131855
0.17477596,0.20945072
0.88582766,0.8890091
0.022320151,0.4138235
0.28998327,0.9564204
0.29391837,0.87738025
0.033981204,0.47337043
-0.009572029,-0.7788446
0.96312165,0.42927992
-0.4300934,-0.9873581
-0.9099901,-0.23172271
-0.9087442,-0.46186745
0.18531704,0.94545317
-0.7743573,-0.08467722
0.807497,0.8662802
0.0614022,0.19426966
-0.34719896,-0.096559644
-0.9385487,-0.48396778
0.082942724,0.12605643
-0.25436532,-0.85154307
-0.98057294,-0.49169004
0.9984168,0.5048963
0.78136015,0.8241787
0.020340085,0.9569304
-0.078116655,-0.5744196
-0.8840445,-0.12480533
0.2500912,0.99433637
-0.33682358,-0.028523326
0.9917437,0.454597
0.11400628,0.8731719
0.72752345,0.09146607
-0.9512906,-0.40921152
0.04689598,0.0107598305
0.950078,0.054667354
0.01235652,0.9729959
-0.10405421,-0.8122667
-0.52527726,-0.026498675
0.112602234,0.31752503
-0.2560618,-0.92996836
0.85741377,0.71655667
-0.87102604,-0.658939
0.8292017,0.890705
0.9292644,0.35099602
0.17268384,0.8910272
-0.3557831,-0.88577294
0.9534607,0.8015591
0.07232785,0.911247
-0.7948078,-0.9551244
0.97091043,0.7194983
0.11730051,0.70462334
0.66563094,0.020953417
0.64156795,0.99441934
-0.98127675,-0.66473186
-0.99186265,-0.6784115
-0.8758806,-0.08683145
-0.9390123,-0.034297705
0.3158418,0.08766317
0.49389136,0.97084785
-0.0358454,-0.38475645
0.92499006,0.4452647
0.88414276,0.08015394
0.81521475,0.870059
-0.57473516,-0.97183526
-0.14350629,-0.15853095
-0.9215056,-0.6997329
-0.07768476,-0.868958
-0.7745565,-0.10891783
-0.12314594,-0.70956624
-0.022481918,-0.23852396
-0.9965428,-0.8804345
0.78716826,0.9913137
0.2894336,0.8521142
-0.9819118,-0.54788685
0.864293,0.8658929
0.9738958,0.6609491
0.25276375,0.8512789
-0.113847375,-0.36318707
-0.9512787,-0.47053468
-0.933673,-0.020650983
0.8407476,0.010061979
0.1642003,0.18009317
-0.93881845,-0.50913
-0.9495083,-0.49711263
0.97052145,0.8083756
-0.941244,-0.9098716
-0.018697143,-0.10781777
0.15915465,0.9509181
0.8369292,0.7244092
0.4284035,0.06947696
-0.03847933,-0.9535068
-0.98406506,-0.85926557
0.5540818,0.05472064
0.5245515,0.9853203
0.7353692,0.8453778
-0.6034409,-0.0741514
0.947279,0.020678282
0.49894524,0.041829467
0.6738583,0.9008075
-0.9626621,-0.40157366
0.19786298,0.838073
-0.14345622,-0.90673363
-0.7455784,-0.95734715
-0.41671264,-0.8975034
0.15427732,0.9904734
-0.90520084,-0.16956782
0.1871996,0.22608757
-0.9363251,-0.904678
0.8897923,0.30520487
-0.4975164,-0.9791447
-0.02140975,-0.06049049
-0.9958074,-0.21795392
0.9598899,0.9936656
-0.8784797,-0.025350332
-0.20507598,-0.9748738
-0.30693722,-0.1464026
-0.9370717,-0.9010811
0.6668818,0.10912073
0.048394084,0.10171759
0.9622183,0.5168171
0.84809315,0.7209432
-0.786325,-0.14031756
-0.1171757,-0.2526642
-0.94168293,-0.11296475
0.09387612,0.2911353
-0.95938134,-0.3268125
0.035001874,0.37085247
0.9497937,0.6060543
-0.1771704,-0.050703526
-0.14149308,-8.991957E-4
0.91810536,0.006886959
0.8408644,0.09955633
-0.15755355,-0.8394462
-0.021303773,-0.57075167
0.12006235,0.9018316
-0.6931993,-0.014992833
0.0536654,0.3940736
-0.12725055,-0.9210485
-0.3123796,-0.9467765
-0.98458314,-0.5284176
0.8949648,0.97444737
0.90836656,0.84393597
0.67262876,0.03815925
-8.4125996E-4,-0.28263068
-0.48818338,-0.08849442
-0.16314304,-0.052314878
0.030477762,0.8737172
-0.12453663,-0.78868866
-0.15714455,-0.17717111
0.92107916,0.303918
-0.8106699,-0.22896588
-0.05656326,-0.57088065
0.48338664,0.0672642
-0.6079079,-0.91066766
-0.8297814,-0.05484128
-0.023523092,-0.7856971
-0.07474244,-0.95369434
0.892563,0.2776358
0.99134326,0.97584796
-0.13163614,-0.15311253
-0.3578235,-0.053660274
-0.47949505,-0.9248048
0.8401152,0.93744755
-0.16982329,-0.009682894
-0.94606054,-0.11791754
-0.10911536,-0.6433767
0.9650574,0.45927954
0.9063977,0.22641766
0.8743093,0.722726
0.056482077,0.49854124
-0.06972313,-0.8917886
0.1244061,0.052008152
0.10957253,0.9196185
-0.10999334,-0.15785968
0.8690784,0.6555488
0.14056766,0.1726898
-0.30424738,-0.14480019
0.052774668,0.8057697
0.18850875,0.03759086
0.49481714,0.08075261
-0.7543262,-0.066197276
-0.54460084,-0.95189035
-0.038924098,-0.059376717
-0.29024947,-0.08652282
-0.16146934,-0.8755915
-0.1286887,-0.71597254
0.21629763,0.8473581
0.77320075,0.078603506
-0.3317709,-0.9355575
-0.060126305,-0.89634347
0.915077,0.42688465
-0.90287507,-0.8209822
0.63516307,0.87871885
-0.5942421,-0.10692024
-0.8590095,-0.96616006
-0.04249215,-0.6731142
-0.2556635,-0.17144942
-0.19242108,-0.88290715
0.03524041,0.9760262
-0.7579185,-0.9981463
0.7846918,0.9216467
0.7127006,0.03342974
0.094393015,0.019400358
-0.18857753,-0.24773979
0.26501024,0.006803632
-0.007521391,-0.23915744
-0.86635756,-0.8564625
0.1524117,0.7935008
0.2606218,0.87961805
0.5294938,0.93636465
0.0013619661,0.3139423
0.2601179,0.021544099
-0.859179,-0.71482766
0.03913021,0.98813033
-0.060188055,-0.09279132
-0.78091407,-0.17457664
-0.77883387,-0.1252147
0.8215983,0.18367386
0.02996111,0.863479
-0.9671756,-0.4764583
0.08704221,0.31221092
-0.4427024,-0.9519063
-0.90207934,-0.36445594
-0.11373258,-0.12473762
0.93014324,0.81379926
-0.04169643,-1.4805794E-4
0.06745112,0.63640237
0.24993789,0.12416172
0.16808856,0.8535174
0.092151284,0.16799271
0.8856046,0.93232954
0.2394849,0.09303641
0.92926097,0.96321905
-0.039690256,-0.800259
-0.9825493,-0.25515008
-0.74944675,-0.93077683
0.05193174,0.24749207
-0.93651676,-0.51333046
-0.049440622,-0.11819291
-0.1979742,-0.7994069
-0.98064494,-0.32149076
0.8794199,0.86167884
0.9735882,0.44281518
-0.037318826,-0.87344694
0.0075854063,0.28903532
0.3441925,0.0101059675
-0.748904,-0.85947263
0.8630338,0.6829648
0.008668423,0.3610574
0.09248805,0.69000506
0.21808219,0.88484
-0.6941124,-0.14330256
0.05361843,0.3079909
0.10826218,0.14596939
-0.06310964,-0.46585917
0.36636162,0.93876314
0.31804955,0.12788701
-0.007857323,-0.74162245
-0.036060333,-0.021484733
0.97172356,0.98480034
0.0048855543,0.4994501
-0.6618781,-0.96297634
-0.08178413,-0.8523228
0.26776147,0.9836935
-0.23038387,-0.11533427
-0.1263187,-0.72350276
-0.9144012,-0.8776865
0.81190145,0.8133086
0.90377903,0.30899155
-0.89758563,-0.82798743
-0.11948311,-0.12837744
0.9432647,0.5085746
-0.069832444,-0.095440865
0.8558259,0.99120915
0.8318491,0.064686894
0.016981244,0.0179137
0.05501926,0.49890363
0.002032876,0.8415787
-0.8891835,-0.80692744
-0.29530084,-0.078370094
0.7519877,0.16921747
-0.8330493,-7.891655E-4
-0.8522891,-0.89975464
-0.6773232,-0.08112097
-0.95462227,-0.96701133
-0.92021203,-0.39305484
0.72719383,0.09314275
-0.44335628,-0.9083042
-0.24528432,-0.96149135
0.06982231,0.8144177
0.09454131,0.34295785
0.88007915,0.07535076
0.12299287,0.08972561
-0.5846113,-0.9309224
0.04110098,0.082286716
-0.91348433,-0.022348166
-0.83867395,-0.86012554
0.18270099,0.19654715
0.682001,0.9713166
-0.9170402,-0.056017756
-0.7577027,-0.079266906
0.86847603,0.23418307
0.077708244,0.4351982
-0.42704856,-0.96963704
-0.363222,-0.042491674
-0.73873496,-0.9872992
0.018922329,0.15983951
0.96172214,0.74662185
0.9364338,0.8715749
0.6486658,0.9552852
-0.1328094,-0.6617017
-0.0053653717,-0.42497587
0.16796923,0.97894657
0.7301841,0.8534769
-0.79877305,-0.9780016
0.88698506,0.31573164
0.006996393,0.9596323
0.038166404,0.54060066
-0.05104971,-0.35489392
-0.14821458,-0.010347247
-0.8947791,-0.9393035
0.9255986,0.76778543
-0.29341173,-0.86309516
0.02505362,0.40249646
0.520239,0.005461216
-0.46203983,-0.98558855
-0.90177345,-0.019544005
0.9422728,0.1847663
-0.09881258,-0.2818302
-0.8455976,-0.1652224
-0.013950229,-0.9741241
-0.63909066,-0.005842328
0.015590787,0.1364299
-0.93858624,-0.63318527
-0.659793,-0.07637656
-0.72701335,-0.0015938282
-0.95715094,-0.43646967
-0.9975867,-0.6631744
-0.06572211,-0.75021195
-0.6007345,-0.030636072
-0.57960796,-0.02014637
-0.02157247,-0.086948395
0.08663714,0.72406304
-0.9563973,-0.634686
0.78724515,0.80408525
-0.50373673,-0.009766698
-0.2698419,-0.8970715
-0.3159995,-0.1276232
0.65810716,0.953459
-0.5998857,-0.93906236
0.1351366,0.751879
0.9531511,0.6243186
-0.05750692,-0.22915173
-0.30830562,-0.8996451
-0.11944795,-0.35650158
-0.41501927,-0.929783
-0.03776419,-0.9958147
-0.5651282,-0.970008
0.89719176,0.7723397
0.8815049,0.71360123
-0.8025099,-0.79715693
0.16126144,0.8977499
-0.82607913,-0.1595484
0.6693653,0.051908493
0.18372655,0.102014065
-0.7598264,-0.053222895
0.96932304,0.5849519
0.060968637,0.7355925
0.6290091,0.051632762
0.6975672,0.15031898
-0.6405145,-0.9039812
-0.025921702,-0.7407602
0.9337268,0.12590551
0.19948804,0.19951439
0.19542325,0.04017079
0.010194659,0.46129966
0.96202576,0.93890226
0.49684095,0.9153807
-0.06533897,-0.29688525
0.15894425,0.7234762
-0.1405592,-0.8423815
-0.09672153,-0.39859784
-0.6552143,-0.0155181885
-0.6623875,-0.93860257
0.08773351,0.6721051
0.6888788,0.034791112
-0.98152137,-0.37396336
0.82350445,0.9240345
-0.46295488,-0.011813521
-0.9255214,-0.3233924
-0.56927204,-0.092247605
0.19005561,0.11883104
-0.110747695,-0.83440506
0.116134524,0.6162679
0.5930884,0.010883093
0.08420801,0.52389205
0.43184555,0.9820638
0.05395949,0.4839499
-0.74953866,-0.147668
-0.99148643,-0.92327726
0.9904927,0.7290299
0.99646926,0.78050447
-0.028493762,-0.8473244
-0.8195236,-0.8600757
0.0060744286,0.035362124
0.9916487,0.38814795
0.86657333,0.26814425
0.9871657,0.046022654
0.013497353,0.13945675
0.30165946,0.11313629
-0.12550771,-0.66756487
-0.2959509,-0.98516524
0.33954823,0.9400983
-0.045152187,-0.81051385
0.47527182,0.07913363
0.08136654,0.4520545
0.36163986,0.9231571
-0.9185256,-0.854715
0.85267866,0.011855483
0.8039365,0.22473931
0.0399096,0.44153154
-0.4034512,-0.99130595
0.13472974,0.77689826
0.31693184,0.9687109
0.2767346,0.9573035
0.32587886,0.12541437
-0.685326,-0.9927993
0.92729115,0.82714665
0.033967733,0.84600604
0.0108709335,0.19884121
0.8178772,0.13249052
-0.08357251,-0.54852545
-0.27706265,-0.16243184
-0.71542084,-0.15419519
-0.20967674,-0.10287571
-0.80829334,-0.1893909
0.076459646,0.88616085
-0.16063678,-0.8293855
0.5528227,0.90831983
0.75904477,0.9484234
0.9387518,0.44170547
-0.05869639,-0.06433296
-0.14029515,-0.7455574
-0.69791293,-0.09608865
0.056560397,0.9677335
0.96302223,0.71285224
-0.11223388,-0.8151705
0.2070936,0.8604008
0.902804,0.7194792
0.093108654,0.9637855
0.67637646,0.8613764
0.11990607,0.15019298
0.939618,0.8766588
-0.5786346,-0.92845047
0.92308617,0.5481005
-0.08353937,-0.574504
0.08783615,0.07739878
0.870204,0.1802572
0.11785281,0.7346945
0.11785102,0.83377516
-0.34413004,-0.9615729
0.0099179745,0.6411741
0.030983686,0.95551205
0.7825718,0.10170686
0.19300759,0.825853
0.04216838,0.29005063
-0.83739805,-0.18986356
0.05612433,0.54173243
-0.9391917,-0.24609053
-0.8054944,-0.13627088
-0.4626528,-0.9007821
-0.31532967,-0.14229596
0.6604016,0.98258054
0.07227218,0.6008142
-0.7808957,-0.20677972
-0.44755673,-0.9997833
-0.92097485,-0.79998636
0.8146386,0.95916617
-0.21812415,-0.055627465
0.97738683,0.47946084
0.7230798,0.8901144
-0.069775224,-0.54413545
-0.9812181,-0.8712257
0.89189017,0.20263219
0.18334043,0.7844945
-0.95300627,-0.7927606
-0.88468444,-0.2626636
-0.12463164,-0.34471977
0.89672244,0.30622315
-0.9133136,-0.6541871
-0.091516376,-0.8240632
0.5181724,0.07254374
0.18368328,0.129282
-0.8794148,-0.9121418
0.045817614,0.3298905
0.9015204,0.44065225
-0.8328787,-0.10311258
-0.8697673,-0.07305908
0.9885205,0.2274661
0.7316201,0.07081711
0.033447027,0.9565221
-0.8882594,-0.9265295
0.008173108,0.44656432
0.82881844,0.87557054
-0.037376046,-0.5576905
0.68670034,0.962324
2.6583672E-5,0.015869856
-0.76668274,-0.9422865
0.8014631,0.9831476
-0.5050639,-0.018282056
0.96482646,0.04189551
-0.74330425,-0.93429065
0.07766783,0.1143322
-0.0092481375,-0.6536592
-0.94672155,-0.16745472
-0.32974756,-0.04850638
-0.6354064,-0.08574903
0.1342498,0.93945
-0.6993022,-0.1529963
-0.9949125,-0.0140064955
-0.9341564,-0.038484097
0.992856,0.83904135
0.7853564,0.98977184
-0.215644,-0.023347855
-0.42965174,-0.10192382
-0.31821895,-0.04477942
-0.8277191,-0.22953987
-0.49643648,-0.97085166
-0.94609785,-0.87308824
0.020831585,0.650005
-0.38351476,-0.08448875
-0.086689115,-0.91816974
0.9128252,0.9978448
-0.034541845,-0.83242404
0.122569084,0.9216547
-0.15211976,-0.1240145
0.037199616,0.9941479
0.5953617,0.92895925
-0.81117225,-0.15366638
0.4792962,0.96235025
-0.33916187,-0.11627579
0.9043237,0.21777606
0.042094827,0.1921941
-0.40353382,-0.9315319
-0.96684504,-0.65629673
-0.11106944,-0.8303293
0.66972256,0.8872825
-0.03638518,-0.31864822
0.72038484,0.9006374
0.12272501,0.74531054
-0.9436394,-0.7416812
-0.42111027,-0.9086989
0.8944118,0.9822186
0.02242577,0.25338137
-0.12214434,-0.28321648
-0.4960729,-0.9111854
-0.017452836,-0.10379398
-0.25932276,-0.16931021
0.08297157,0.4612007
-0.90492666,-0.029002666
-0.77859044,-0.8321142
-0.14968944,-0.8748853
0.2113887,0.071447134
0.96429765,0.23511219
-0.3157562,-0.016457796
0.9507103,0.74185944
-0.8089025,-0.9913871
0.25374758,0.97552156
0.09835768,0.7001263
-0.7832593,-0.16928625
-0.8515655,-0.9983417
0.08854616,0.63516676
-0.6959516,-0.9165213
-0.86578226,-0.8127363
-0.6082915,-0.040465355
-0.851388,-0.22253382
0.3735454,0.9346237
0.30408,0.13924825
-0.31226337,-0.9516884
-0.9130647,-0.87825227
-0.94309247,-0.7098756
0.9765924,0.058376193
-0.9173306,-0.34108245
0.03967309,0.60794044
-0.52567625,-0.9346143
-0.080332994,-0.994452
0.23733997,0.8732456
0.87384236,0.33605802
-0.10971105,-0.25152588
-0.8857868,-0.049494505
0.014312029,0.92690456
-0.9928249,-0.6127639
-0.938164,-0.9376675
0.83438337,0.16577351
-0.90791154,-0.58180296
-0.026729703,-0.8685404
0.6445075,0.05336654
0.32787168,0.9035021
-0.08920348,-0.23784184
0.7236918,0.9074588
0.08277321,0.40696037
-0.7577375,-0.124941945
0.122339964,0.3038336
0.95839715,0.09412289
-0.38637996,-0.0035402775
-0.9979236,-0.35506415
-0.91863346,-0.36795282
0.7842971,0.2179439
-0.09233105,-0.2798407
-0.44616497,-0.99342525
0.8288188,0.81890905
-0.16418064,-0.927467
-0.0035756826,-0.6484368
0.37310135,0.93175673
-0.2764188,-0.14636195
-0.8168731,-0.78856206
-0.21429682,-0.071418524
0.83599627,0.020474315
0.9191171,0.19276547
-0.9416256,-0.54527485
0.9363477,0.94316924
-0.49553394,-0.9942483
-0.83284855,-0.7851496
0.15641415,0.16795814
0.9555994,0.42172182
-0.1724478,-0.7521615
0.8942263,0.6943729
-0.04139638,-0.42322683
-0.07689583,-0.50030184
-0.7286782,-0.065701246
0.004914403,0.5873345
-0.21709132,-0.9994651
0.853758,0.8898587
-0.87859035,-0.82183135
0.88416684,0.8484663
0.99773085,0.86019933
-0.33062756,-0.12939167
-0.6128925,-0.106211185
-0.7720293,-0.07465589
0.5893073,0.9161879
0.77514076,0.085791945
0.09603584,0.83758736
-0.079324365,-0.72855616
-0.74003124,-0.9220741
0.9348228,0.0521816
-0.75143254,-0.12481785
0.51802087,0.010458708
-0.98800695,-0.32139528
-0.9144472,-0.3008201
-0.84219956,-0.04003179
-0.9202497,-0.34121597
-0.05413127,-0.9262941
-0.089185715,-0.5769657
-0.0700655,-0.847523
0.6641898,0.97132766
0.8805537,0.79935956
-0.42017913,-0.89609766
0.007806301,0.16631496
-0.3667524,-0.0578475
-0.8951156,-0.90700376
0.19580019,0.8817922
-0.18092382,-0.762872
0.010637403,0.9692893
0.3698777,0.95376694
0.09569347,0.0030460358
-0.5631014,-0.90373814
-0.4921136,-0.09499133
0.38903153,0.99621654
-0.0376873,-0.16651177
0.018550277,0.58437717
0.12018037,0.031285048
0.43902326,0.025878787
-0.9624262,-0.39666736
-0.0035688877,-0.15302896
0.6278775,0.98038185
-0.061587572,-0.7606822
-0.655939,-0.07957721
0.8716177,0.705595
-0.11382377,-0.16954589
-0.61926997,-0.98175216
-0.0036785603,-0.094841
-0.11880231,-0.21389532
-0.8316257,-0.11418533
0.23583579,0.9873332
-0.79696155,-0.9194492
-0.53157914,-0.9518107
-0.2932458,-0.8462739
-0.4143474,-0.95570123
0.12625027,0.2949797
0.9610692,0.38592815
0.9479263,0.32497668
-0.17254591,-0.73109746
0.9523393,0.46211445
0.02882576,0.08359623
0.3681339,0.9682076
-0.74376535,-0.95465803
0.9710809,0.48879182
-0.09789193,-0.56979334
-0.93981504,-0.627792
-0.13494503,-0.33638096
-0.8469999,-0.09860313
0.97913885,0.6067368
-0.7534292,-0.15550458
-0.0122311115,-0.2924521
0.6188493,0.96597207
-0.83486736,-0.83518887
-0.91410637,-0.6942662
0.0601964,0.14768565
0.95894265,0.3740933
-0.67697895,-0.9702202
-0.26042914,-0.17296875
0.057487726,0.14171314
0.90141773,0.64532363
-0.9383327,-0.93269765
-0.7690878,-0.83349776
0.90773344,0.6553023
0.17464805,0.06910813
0.72603166,0.06372011
0.012738466,0.85847616
0.3892194,0.11113739
-0.05981195,-0.3734436
0.008768082,0.35908997
-0.96601796,-0.53599083
-0.048066974,-0.09758234
0.14526331,0.8768555
0.28681505,0.87771285
0.065410376,0.6676378
-0.9852905,-0.44965005
-0.36834633,-0.06828153
0.07198632,0.88251686
-0.009650946,-0.729746
-0.9936023,-0.7804971
0.5847688,0.025826097
-0.047658443,-0.11110425
0.6674012,0.98553276
0.979396,0.5041714
-0.8746588,-0.24423158
0.95804095,0.3343227
-0.22406507,-0.14464152
0.5690458,0.98331106
0.70162153,0.916942
0.89482534,0.054560184
0.6480868,0.12229967
0.99176955,0.093521595
0.16734076,0.7712537
-0.43250597,-0.9843191
-0.06254089,-0.9793761
0.03953588,0.5922067
0.1688838,0.019425511
-0.92049086,-0.21991277
0.09811151,0.083636165
0.18071818,0.037415028
-0.40771985,-0.9538052
-0.0099390745,-0.7536541
0.7701024,0.95960164
-0.8968625,-0.07366085
-0.051775455,-0.9233018
0.970232,0.2872405
-0.5241543,-0.05800128
-0.8990903,-0.98268175
-0.93626356,-0.23092961
-0.9869107,-0.8737073
-0.230021,-0.20159888
0.073027134,0.0025405884
0.14933932,0.89294994
0.9983485,0.6928208
-0.0059121847,-0.16356146
-0.10316503,-0.025814772
0.12275231,0.7131833
-0.12255967,-0.28241718
0.73296905,0.97687364
0.8045913,0.073512435
0.61238205,0.107581854
0.8858044,0.34962368
0.053667188,0.5797694
-0.070956826,-0.8684094
0.19488966,0.9909954
0.65555763,0.967018
-0.0646677,-0.48631775
0.8820404,0.9275017
-0.008686066,-0.41972685
0.8920418,0.76907337
0.7793294,0.12799895
-0.5625272,-0.062669754
0.71675396,0.8639846
0.23646569,0.17265606
-0.7658613,-0.80651116
0.3345219,0.08860719
0.13509035,0.045428514
-0.82490766,-0.06758845
-0.80456614,-0.23132896
0.16721857,0.2596916
0.07100475,0.7453718
0.2889881,0.929142
0.7180164,0.018696666
0.6088675,0.938382
-0.96110463,-0.32482624
-0.33077586,-0.09163904
-0.38896155,-0.04315424
-0.9201088,-0.80519605
0.813413,0.8172549
0.6244333,0.9581528
-0.9983026,-0.7349278
0.9694061,0.3428532
-0.8840443,-0.9115118
-0.30583692,-0.9261738
-0.9113215,-0.635481
0.3126551,0.016715407
0.19566822,0.17319489
-0.10764706,-0.25557172
-0.002304554,-0.46985126
0.949641,0.08595705
-0.3712368,-0.98258686
-0.6839434,-0.9578506
-0.98446643,-0.8474965
0.043527365,0.5509913
0.9395627,0.6078296
-0.23404562,-0.12972009
-0.8919325,-0.0774374
-0.6123843,-0.11539614
-0.3155179,-0.92805505
0.87833333,0.8864491
-0.043067694,-0.26035237
0.23793876,0.86448073
0.769441,0.044261694
0.09678495,0.75609684
-0.72197664,-0.9938803
0.9310181,0.37728012
0.77118564,0.11017716
0.73144126,0.90055573
0.5227641,0.08879924
-0.026154637,-0.98974097
-0.9487239,-0.8436543
-0.58971274,-0.10965049
0.005602479,0.6735461
-0.47388494,-0.0054256916
0.78784275,0.9597261
0.92621136,0.9912158
-0.03621602,-0.24847269
-0.1221745,-0.32435298
0.9792253,0.5590292
-0.8385706,-0.87781847
-0.6437311,-0.009572983
0.8633497,0.7312988
0.21013045,0.9322896
0.8744898,0.7738514
0.05142367,0.047842503
0.1017164,0.9324564
-0.48135972,-0.087260485
-0.03619933,-0.4705763
0.75979567,0.010998011
-0.94468296,-0.0023047924
0.709813,0.9820149
0.3629743,0.05783987
0.833606,0.79339206
-0.6028607,-0.90686524
-0.635443,-0.9924215
0.051020265,0.5237961
-0.028444052,-0.42923045
-0.25026107,-0.14071095
0.8247042,0.08229697
-0.15598142,-0.9736644
0.7717267,0.19086874
-0.95974326,-0.4672054
-0.1855253,-0.76507425
0.23971808,0.8267025
-0.9813236,-0.5974599
-0.010424852,-0.5447134
0.09178138,0.89998126
-0.8782643,-0.2596972
-0.99629176,-0.67257524
0.14270616,0.8778014
-0.23001695,-0.17371142
-0.6850711,-0.13250327
-0.03644705,-0.78444946
-0.9787475,-0.83346117
-0.07164705,-0.9236529
0.8799311,0.86861575
0.9194944,0.96690834
0.0076948404,0.5279975
-0.435122,-0.9408455
0.5114242,1.9717216E-4
-0.047809243,-0.9277427
-0.8912251,-0.9889842
-0.9244448,-0.23494232
0.55785406,0.9041774
0.82032096,0.19525409
-0.9997791,-0.8293587
-0.0044543743,-0.21825051
-0.022578835,-0.47843373
0.713712,0.11013329
-0.71416616,-0.039024472
0.1551168,0.85534036
0.0982846,0.780957
-0.009408474,-0.03928709
-0.07782304,-0.2350955
-0.10935497,-0.92032754
0.9747908,0.91260445
0.08319712,0.19564414
-0.913901,-0.97092354
0.9903517,0.6962414
-0.9461025,-0.6763936
-0.15537584,-0.16118109
-0.14678037,-0.14878964
0.6906744,0.9951273
-0.09574807,-0.8046682
0.044910073,0.3898399
0.69768775,0.0652194
0.18171966,0.81386757
-0.8387588,-0.7598691
0.045436263,0.7486974
-0.07131624,-0.16051877
0.025809169,0.91972744
0.90670776,0.9012594
-0.9290495,-0.19666553
0.91807556,0.7505214
0.07261765,0.27100003
0.7982849,0.97728264
-0.8000057,-0.07944167
0.028927088,0.0952903
0.7187749,0.9971932
0.8915231,0.086488605
-0.12181938,-0.7831379
-0.028978348,-0.68758726
-0.19892919,-0.011796474
-0.105049014,-0.13559401
0.08347607,0.008161187
-0.8085488,-0.044495225
0.020268321,0.9479977
-0.013991356,-0.99004436
0.84596884,0.9981798
-0.95811594,-0.95593107
0.97094214,0.35743737
0.22069168,0.9665632
-0.9050753,-0.9513124
-0.60671186,-0.013990045
0.88304603,0.6241106
-0.8854269,-0.053756118
0.26452732,0.022392511
0.26070464,0.039377928
0.044890523,0.27472615
-3.3712387E-4,-0.039958954
-0.69190156,-0.06716573
-0.88502455,-0.90732205
0.83961797,0.77651966
-0.99141324,-0.8584926
0.6939628,0.998762
0.0791955,0.32755005
0.94827855,0.8922913
-0.0841856,-0.24214435
0.84321606,0.012578011
-0.7989433,-0.2118007
-0.92141056,-0.66324425
0.894495,0.6453897
-0.0069031715,-0.9082135
0.17269468,0.8003098
0.94720054,0.2839402
0.006287694,0.6635698
-0.9693513,-0.95551336
0.019423485,0.17558408
-0.8993088,-0.16676867
-0.69730544,-0.8965273
-0.9059367,-0.49604452
0.83104086,0.7406988
-0.18514812,-0.96951747
0.09480977,0.19018936
0.6780585,0.029286742
0.9214089,0.50851524
-0.92565346,-0.9821633
0.40439403,0.8919281
-0.4339571,-0.019598126
0.050962925,0.8358755
-0.38823354,-0.9374453
-0.19387841,-0.836264
-0.5916842,-0.029632688
0.9318671,0.12585592
-0.8652332,-0.3067485
0.8674773,0.32818413
-0.84321916,-0.98245585
0.069857,0.9925983
-0.37334085,-0.093045354
-0.5955298,-0.9358095
0.9472283,0.11962199
0.0034549236,0.76620996
-0.22026682,-0.1305592
-0.6462482,-0.97029793
0.6409081,0.05874765
0.8247949,0.76334643
0.09424305,0.6413723
0.025016308,0.041530848
0.99383855,0.49109614
0.01107955,0.93179655
-0.28489923,-0.9813298
0.013872743,0.4216119
0.15849316,0.27720487
-0.27280116,-0.09247601
0.12384808,0.9854158
0.8574444,0.29657722
0.022516608,0.08690834
-0.3023318,-0.04568243
0.822822,0.19333053
0.2504226,0.05162537
0.285712,0.88274467
0.9315022,0.5399915
-0.34626782,-0.06782043
-0.2690606,-0.03098154
-0.8644668,-0.7053592
-0.8384142,-0.86675954
-0.92910075,-0.09145892
-0.7566719,-0.98673
0.0068309307,0.33679307
0.046405673,0.67947555
-0.096597075,-0.29163706
-0.15693176,-0.2086873
-0.5628842,-0.041537046
-0.31702805,-0.9877876
-0.9044553,-0.14818442
0.033441424,0.3185866
-0.93510365,-0.67786634
0.9184568,0.6178273
0.154176,0.79993033
0.9520228,0.308398
0.38779986,0.112816334
0.11795044,0.7597399
0.15209031,0.88650453
-0.33015525,-0.11372447
0.66456246,0.94221616
-0.018743634,-0.2568773
-0.16164029,-0.20683622
0.54869294,0.903244
-0.94149494,-0.20299411
-0.7362895,-0.90941143
-0.10821211,-0.17277157
0.9144025,0.33664584
0.6710776,0.10181296
0.07586801,0.6997875
-0.41050065,-0.057697058
0.98350203,0.48780823
-0.20954955,-0.9607724
-0.005712867,-0.48086703
-0.9568548,-0.7353853
-0.99157655,-0.89274275
0.70764685,0.12553918
0.37190175,0.8800696
0.020279527,0.9892578
0.82735634,0.14569402
-0.913141,-0.7725853
-0.49459612,-0.92006266
0.14665067,0.8007034
-0.80549014,-0.018896818
-0.033354163,-0.73530054
-0.20511007,-0.8620627
-0.885998,-0.9593053
-0.8286083,-0.13306046
-0.94636405,-0.7448702
-0.79221237,-0.8262726
-0.22285008,-0.9647697
0.060527444,0.4445095
-0.01715684,-0.8585441
-0.9274173,-0.82841825
-0.9748138,-0.6317854
-0.85180974,-0.091946006
0.9381039,0.65882134
0.5732024,0.06039214
0.044659495,0.78185916
0.54017687,0.93886185
-0.11887717,-0.9944931
0.2513932,0.114911675
-0.6395732,-0.03880799
-0.8508657,-0.7699821
-0.4086051,-0.009363413
-0.066479206,-0.29664874
0.68179655,0.08939016
0.53471863,0.0016667843
0.16359448,0.14036298
-0.85594773,-0.89965594
0.6329726,0.9361913
0.92848,0.4441843
0.15860617,0.119367
-0.08747268,-0.80751705
0.05717051,0.9567989
0.23032796,0.07990587
0.6635959,0.09585416
-0.90537524,-0.04321909
0.7466402,0.043831825
-0.103604674,-0.59782624
0.490857,0.99109435
0.47579694,0.97625947
-0.30529404,-0.9884186
-0.7219373,-0.90638065
0.9439752,0.47441363
-0.20493126,-0.16066611
0.7945838,0.07502532
-0.926288,-0.93288743
0.10254085,0.7293991
0.5864388,0.08438063
-0.040714502,-0.64994633
0.99865437,0.61622643
-0.07942891,-0.76376057
0.07890952,0.5726068
-0.25779164,-0.8504499
0.7842039,0.80621696
-0.03535509,-0.484748
-0.0060716867,-0.73840654
0.42904305,0.0480572
-0.33853197,-0.94919753
0.65650105,0.04387808
0.77807546,0.9330199
-0.3327787,-0.03976357
-0.9075477,-0.35387146
-0.7353642,-0.15597212
-0.59261,-0.0750438
-0.9672533,-0.7958137
0.022185683,0.105517626
-0.9782355,-0.04739523
-0.17981374,-0.96787286
-0.9296626,-0.9771807
0.90182745,0.6670302
-0.2530266,-0.057400346
-0.024241686,-0.5668099
-0.1479801,-0.84091103
0.4553504,0.91367996
0.14435554,0.98092055
0.79694617,0.9793017
8.832216E-4,0.7934153
-0.5502224,-0.9597261
-0.7599915,-0.048309326
-0.5626383,-0.89616656
-0.087225795,-0.36800647
-0.8019308,-0.103960514
-0.048348665,-0.6548307
-0.07395172,-0.06608462
0.14146972,0.94805384
0.92423034,0.5398239
-0.6154541,-0.9723648
0.37589467,0.9815881
-0.94998825,-0.51266694
0.112448335,0.64234614
0.48742115,0.012529373
0.4394096,0.90658057
-0.10747671,-0.968531
0.8189411,0.22778511
-0.76763976,-0.9196732
-0.104166865,-0.8915794
0.88476515,0.30079687
0.35086405,0.90507877
-0.5030482,-0.9516095
-0.048282027,-0.83820057
0.958575,0.061745167
-0.73664284,-0.9702072
-0.28001893,-0.11874473
-0.04983151,-0.7152804
0.938236,0.527794
-0.24375904,-0.16078901
-0.86014664,-0.97680247
-0.8652259,-0.08908069
-0.51878285,-0.0075639486
-0.17471778,-0.7597641
0.087695956,0.23193884
-0.16015673,-0.16442692
-0.87011695,-0.34149003
-0.15715063,-0.06756222
-0.03592944,-0.9502895
-0.17808723,-0.8196057
0.76207805,0.124091625
-0.7600738,-0.13112438
0.5112585,0.08834398
-0.79752314,-0.18274653
0.9252454,0.37615037
0.97257376,0.07876229
0.096449375,0.36038065
-0.011713862,-0.9121593
-0.7766175,-0.15547335
0.3087113,0.12018466
0.96982193,0.19721079
-0.9133097,-0.7748698
-0.099537134,-0.7954849
-0.95680404,-0.395023
-0.2827909,-0.97473526
0.8940785,0.23216856
0.07379663,0.199404
0.22344077,0.8988873
0.89381254,0.8079289
-0.9100957,-0.406942
0.18110836,0.053171992
-0.7564229,-0.036576748
0.68844354,0.9756043
0.96801925,0.82899356
-0.7547612,-0.9198128
-0.6820271,-0.9699197
-0.23277044,-0.16756618
-0.8934667,-0.06627011
-0.33894277,-0.8917719
-0.12819016,-0.2698449
0.48043633,0.021851301
0.6657214,0.94375217
-0.75983334,-0.18041801
0.9166628,0.16887653
-0.10285401,-0.046723247
-0.44981098,-0.9883257
0.7206979,0.8776065
0.95436776,0.5688622
0.5911461,0.066010356
0.6397656,0.033555984
-0.2585857,-0.1228559
-0.94448686,-0.07707524
-0.43852556,-0.95054007
0.9897157,0.13745081
-0.84024286,-0.781497
-0.14713609,-0.7128347
-0.32981133,-0.95909226
-0.8947059,-0.32018757
0.011903286,0.8322637
0.9143996,0.8845253
-0.92176545,-0.4754895
0.89452076,0.12948406
0.98750746,0.31969666
-0.9900708,-0.9046689
0.18378162,0.9318429
-0.98994195,-0.4554925
-0.87700415,-0.9789294
0.06528485,0.22819543
0.930814,0.46292353
-0.9919658,-0.46693265
-0.16399682,-0.20151734
0.038334012,0.07275796
0.8571881,0.08942962
0.74460125,0.9486414
-0.073263645,-0.6769422
0.85950685,0.90230274
-0.19868422,-0.10985243
-0.29234815,-0.92563224
0.4407426,0.93598986
0.99845016,0.23814511
-0.2631948,-0.10021126
-0.6048821,-0.9477627
-0.25064325,-0.8140261
0.34428275,0.06639671
0.15058267,0.036744356
-0.066815495,-0.32455015
-0.8708452,-0.98063195
-0.77449405,-0.09905863
0.28700972,0.9217378
0.83981705,0.20273936
0.14065063,0.691759
0.95385337,0.053081393
-0.7068033,-0.071667075
-0.98679686,-0.49362743
-0.8834789,-0.8085444
-0.7296083,-0.16204691
-0.9545934,-0.50794756
-0.044813275,-0.3028406
0.3435198,0.069395185
-0.27322316,-0.9135498
0.130005,0.03833711
0.7825147,0.016407609
-0.108543396,-0.111420155
-0.6149155,-0.101421714
-0.917694,-0.10201466
0.7321247,0.89024913
-0.08966434,-0.5699431
-0.41422987,-0.931494
0.9409065,0.57458425
-0.61335623,-0.98916495
-0.2437737,-0.15298378
-0.18263638,-0.951512
-0.10769367,-0.41173685
0.8473817,0.7106788
-0.32686412,-0.92031145
-0.9079875,-0.82771826
-0.7672347,-0.18107295
0.5045389,0.9718225
-0.6850743,-0.96200395
0.1917969,0.9879446
-0.90492857,-0.4137447
-0.39081156,-2.6738644E-4
-0.7040038,-0.09167957
-0.9280714,-0.7923013
0.80833673,0.03843081
0.023039699,0.7473662
-0.9897243,-0.7219497
-0.04543495,-0.61867857
-0.06399882,-0.19016278
0.07709193,0.020267963
0.12316477,0.2870165
-0.17473221,-0.26328743
-0.637133,-0.047385335
-0.7625638,-0.8072891
-0.70334065,-0.033889532
-0.73724496,-0.8304961
-0.9004973,-0.8178581
0.15939856,0.06863856
0.08929205,0.4122976
0.8613436,0.81531835
-0.89098287,-0.9103557
0.2862668,0.9413911
0.95044947,0.4587301
0.050550938,0.58871996
0.16585398,0.7372062
-0.6320323,-0.98174953
0.6533631,0.07291174
0.005653739,0.19638741
0.9566747,0.28388345
0.4729514,0.07494974
0.90339744,0.5851351
-0.55109,-0.033635497
0.43589568,0.06998038
0.07275987,0.5583168
-0.08687973,-0.66850615
0.004514694,0.1268996
-0.6203567,-0.06410301
0.30790508,0.9865266
-0.09770048,-0.6696749
0.37920916,0.07003915
-0.056295633,-0.72839
0.9545268,0.033314824
-0.42482007,-0.04954827
0.79521716,0.038443685
0.9799025,0.3212986
-0.103432655,-0.29430532
-8.043051E-4,-0.088538885
-0.70711803,-0.12202287
0.056377172,0.94452465
-0.0713743,-0.11909068
-0.8461822,-0.23407531
0.8578713,0.29182434
0.85937047,0.7011472
0.05942917,0.7438586
-0.030619383,-0.35734332
-0.7829585,-0.94767034
-0.80084705,-0.8764504
0.010197043,0.19238746
-0.34086084,-0.95530486
0.046273112,0.6355578
-0.955009,-0.53227806
-0.7391063,-0.1591574
0.94645035,0.069455504
0.0527308,0.068896055
0.9534942,0.39599228
0.84362125,0.8454442
-0.24017715,-0.0681715
-0.64529777,-0.04697132
-0.03362131,-0.7479677
-0.41030002,-0.9173285
0.99963593,0.063620925
-0.76961005,-0.90999746
-0.9057646,-0.013958335
-0.32062256,-0.09552944
0.764223,0.986737
-0.8811289,-0.7578554
-0.9984294,-0.15714192
0.08918476,0.5329578
-0.90140975,-0.9514892
-0.2892679,-0.9127693
0.044569492,0.45606744
0.8893199,0.08701098
-0.46062267,-0.98038447
-0.8552332,-0.27420485
-0.013360858,-0.07133746
0.9429734,0.5363239
-0.7915237,-0.18966413
0.85819685,0.97797894
0.31169677,0.86369514
0.8219801,0.79638374
0.33851385,0.12739825
0.71687293,0.99531615
-0.4289441,-0.026654005
0.92863834,0.56933963
0.8889669,0.825233
0.22384334,0.02370727
-0.806337,-0.86520636
-0.058955908,-0.23444545
0.89032376,0.25648296
-0.9897752,-0.6219902
0.0547868,0.51830864
0.83746636,0.9853538
0.90355515,0.67239106
0.0408926,0.7783636
-0.6704457,-0.8629739
0.02054441,0.9338844
-0.95371747,-0.93726075
0.75764143,0.09879029
-0.110343814,-0.31210887
-0.8418677,-0.28247058
-0.7802707,-0.085448146
-0.109001875,-0.41232145
0.06504357,0.57663345
-0.510996,-0.032938957
0.9530288,0.028063655
0.054035902,0.84548914
-0.9979075,-0.13930297
0.8536787,0.21563232
0.002682805,0.7582482
-0.7999023,-0.14097548
-0.8763516,-0.95872784
0.56793904,0.98629975
-0.09899056,-0.28119445
-0.9056355,-0.7962736
-0.83863986,-0.8757422
-0.7190994,-0.8380672
-0.7330884,-0.028819919
0.32637405,0.89267623
-0.76617026,-0.09539187
0.24474251,0.11901951
-0.07339656,-0.21998358
0.8637576,0.8635491
-0.068303704,-0.70405924
0.7883843,0.8865776
-0.8794427,-0.7154957
0.76309943,0.13256574
0.8558657,0.2265898
-0.06541681,-0.62799084
-0.90562296,-0.10032344
-0.26931643,-0.99750483
-0.9642532,-0.24373364
0.13084328,0.21202862
-0.16279292,-0.89001644
0.18763256,0.770614
0.88437736,0.61469626
-0.96183085,-0.19316018
0.3603257,0.95859814
-0.7018714,-0.11856365
0.94359994,0.6921984
-0.38248384,-0.018543959
0.93221986,0.048444152
-0.2671448,-0.89660656
0.9342234,0.1625619
-0.13080001,-0.10369992
-0.9678818,-0.3251016
0.89030004,0.6186235
0.17634022,0.8281784
-0.07986319,-0.13577819
-0.09977603,-0.49719465
0.032089233,0.48823237
0.5641656,0.08205974
-0.99770224,-0.9792783
0.28163218,0.8471681
-0.036320448,-0.34940875
0.2913307,0.07071829
-0.05759442,-0.35162616
0.9746187,0.70679164
0.71004355,0.023980975
0.8997171,0.17415833
0.88729835,0.25383604
-0.7645204,-0.09783423
0.10604036,0.757264
-0.5737655,-0.09431267
0.7562758,0.9423113
0.33666635,0.9384073
-0.93631196,-0.13135612
-0.83731973,-0.7275939
0.56406486,0.9023597
-0.94707227,-0.990095
-0.22203636,-0.05542779
0.07500851,0.09489703
-0.07144344,-0.06956577
0.7334552,0.07614291
0.17612207,0.21063519
0.6731229,0.07267487
-0.2102133,-0.86000645
-0.71457696,-0.90979326
-0.06044388,-0.5038265
-0.13415372,-0.16139877
-0.8383821,-0.9048064
-0.7594286,-0.021517992
0.6289042,0.96744704
-0.047299266,-0.59563446
-0.28786016,-0.8702507
-0.31607604,-0.049318075
0.06836951,0.01387763
-0.9998441,-0.6662482
-0.073999524,-0.4660834
-0.9774573,-0.42685306
-0.23405147,-0.11823273
-0.8797028,-0.22379386
0.88464904,0.9757992
-0.10281396,-0.6199734
0.8759748,0.08990121
0.4259249,0.019863844
0.8937657,0.28833497
0.7575071,0.17586672
-0.18530464,-0.23171091
0.20453823,0.7812903
-0.29733443,-0.08808386
-0.012512207,-0.4511583
-0.7847096,-0.0320251
-0.09486592,-0.22468531
-0.26494515,-0.96535647
-0.104910016,-0.8908385
0.32116044,0.092799306
0.02608192,0.7016773
-0.49709105,-0.99494994
0.8486501,0.8718921
-0.34884727,-0.11913729
0.28411162,0.89033306
0.33558404,0.067364335
0.23299968,0.8230684
-0.15200603,-0.2078458
-0.91904247,-0.19750679
0.039058685,0.9696721
0.99099565,0.11043072
-0.93256867,-0.7210325
0.96678567,0.7493557
0.8779907,0.66167295
0.23436284,0.021936297
-0.004451275,-0.6241286
0.28952885,0.8931881
-0.19994032,-0.19814038
-0.817901,-0.18530679
-0.9924444,-0.54953265
0.8831719,0.008203745
-0.13123786,-0.8715526
0.6054002,0.053216457
0.0668664,0.16276932
0.19017255,0.76661575
0.24109256,0.11206508
0.84032714,0.7485974
0.9392519,0.26843035
