-0.0075472593,0.26331902
-0.1355555,0.9497051
0.51592267,-0.07960141
0.94976056,-0.6253809
-0.73091054,0.94936454
-0.30678368,0.013595104
0.31784034,-0.042153
0.8726671,-0.7246392
0.028844595,-0.74206483
0.73164475,-0.008037567
0.89047694,-0.037922382
0.9717493,-0.7468461
0.8451042,-0.8368827
0.87861204,-0.28019822
0.58668685,-0.9252058
0.101046324,-0.22702253
0.042631984,-0.54177964
-0.95874727,0.33734107
0.027393937,-0.19553745
-0.6705265,0.97285223
-0.17142463,0.82558525
-0.0030088425,0.39949012
-0.7846608,0.89757264
0.12409699,-0.02257669
0.096749544,-0.7009269
-0.6627774,0.91748595
7.631779E-4,-0.42708385
0.9841442,-0.72352505
0.86468947,-0.9366518
0.2841189,-0.100023985
0.9374292,-0.03208816
0.84761,-0.8029032
0.008044958,-0.6125717
-0.5693872,0.9611932
0.04737389,-0.6674596
-0.2022785,0.9932387
0.6364708,-0.04478395
0.46074677,-0.03889072
-0.01644206,0.5517832
-0.6173798,0.018176198
-0.99210167,0.9426509
0.5040966,-0.91099334
0.0057013035,-0.65102005
-0.8386711,0.11695039
0.021687746,-0.49193013
-0.085244894,0.30032015
0.1450584,-0.16819835
-0.20712876,0.05993879
0.6992626,-0.9718207
-0.8478886,0.7909477
-0.904341,0.25666845
-0.05936563,0.7140931
-0.7035756,0.8583075
-0.5126684,0.0075495243
0.3655045,-0.89542305
-0.98395073,0.6526414
-0.79826176,0.021570325
-0.54419994,0.9590503
-0.978125,0.6019093
-0.600065,0.023724675
-0.14215231,0.24244213
-0.8966994,0.57266676
-0.96942186,0.40211403
-0.22153449,0.0017656088
0.043543935,-0.8143432
0.09741771,-0.25604212
-0.9976671,0.2462312
0.9380444,-0.1853925
-0.03107357,0.8593726
0.16390908,-0.81541204
0.69756734,-0.9342809
-0.43614435,0.9655421
0.67635024,-0.96386266
-0.7635536,0.9074336
0.5822638,-0.98682237
0.21384633,-0.21712661
-0.122541666,0.32559347
0.8380935,-0.84026206
-0.06064558,0.1824472
0.7861873,-0.8308121
0.07021427,-0.3912865
-0.075844646,0.25418627
-0.9731902,0.13050759
0.864931,-0.27205884
0.43520892,-0.005750537
-0.94854784,0.111307144
0.5251082,-0.019941807
-0.49558806,0.095388055
-0.99485016,0.44430494
-0.35984766,0.124527216
0.83587694,-0.8503165
-0.83863294,0.023690224
0.9706483,-0.86836505
-0.14638352,0.99804354
-0.07617593,0.3464563
0.9783255,-0.9447291
0.21641386,-0.8362231
0.14671516,-0.20193934
-0.8809886,0.31414497
-0.860088,0.7937101
-0.84166574,0.8801104
0.2794304,-0.0019198656
0.9240432,-0.07473302
-0.380715,0.10343957
-0.017639399,0.59511876
0.04143083,-0.020599842
-0.9060471,0.7909101
-0.077892184,0.03678584
-0.085588336,0.21729124
0.62989044,-0.8995156
-0.98798084,0.55842686
-0.18805814,0.995906
0.10921872,-0.39144003
-0.24670482,0.8361354
-0.1743151,0.95374906
0.8517854,-0.016937375
-0.89833033,0.63495636
0.9635993,-0.09568441
-0.068956375,0.18990421
-0.21630418,0.06530976
-0.17026484,0.095969915
-0.94742703,0.22399151
0.06183064,-0.31122196
-0.1986171,0.20752764
-0.9512253,0.93664336
0.0012776852,-0.90847707
-0.7557478,0.918862
-0.2685349,0.8307065
0.09164846,-0.32734084
0.43392205,-0.96663845
0.07572508,-0.11457765
-0.14347434,0.68226504
-0.15517294,0.12001014
0.051634908,-0.4558971
-0.63982964,0.9219426
-0.61227405,0.967142
0.9923955,-0.80163515
-0.38679457,0.036061168
0.24278033,-0.053910732
0.48207617,-0.071211934
0.91916406,-0.32237792
-0.19600666,0.23009408
0.914804,-0.845255
-0.21150422,0.96520996
0.19641209,-0.9714371
-0.18827915,0.79807687
0.64838064,-0.9854934
-0.70390666,0.008972764
-0.17328262,0.010546565
-0.081974864,0.83949614
-0.09949982,0.8731544
0.9294257,-0.93473005
-0.06291127,0.7712786
-0.9488523,0.8195549
0.20825982,-0.9939549
0.92978823,-0.19406044
0.21167612,-0.16924286
-0.11365163,0.95570076
0.8916882,-0.40537226
0.88570046,-0.71602976
0.9601761,-0.5369493
-0.17704749,0.8749597
-0.99726903,0.034904122
0.8869885,-0.044719934
-0.060397387,0.51555085
0.053356647,-0.9802959
-0.06425333,0.9135152
0.81789804,-0.9561188
0.90272903,-0.2340467
0.97860956,-0.050914526
-0.084813476,0.43365407
-0.15734792,0.7780509
0.93860304,-0.28297997
-0.5201392,0.085923076
-0.8275956,0.050120592
0.9602926,-0.034125566
0.23931885,-0.83216417
-0.0640862,0.01688087
0.25424802,-0.8157482
-0.9150572,0.12528777
-0.6053604,0.9996363
-0.17963398,0.036206365
-0.7319144,0.86883247
-0.25664485,0.15411067
0.90610886,-0.7569208
-0.96766067,0.18165469
0.7692119,-0.07454085
0.9432502,-0.31957257
0.08912599,-0.24356294
0.96319723,-0.016555905
0.59521914,-0.055535316
-0.89087534,0.002934575
-0.13042247,0.15578187
-0.23832333,0.054383636
0.73495567,-0.04424882
0.51837385,-0.939041
-0.14118421,0.2284894
-0.68397415,0.88042974
0.15226698,-0.8991685
-0.21376419,0.8992015
0.12600338,-0.23110545
0.940958,-0.12627983
-0.98215044,0.43091965
-0.91248286,0.92495465
-0.23427951,0.07195759
0.097364545,-0.81585157
0.9493238,-0.6077268
-0.3464409,0.9972285
0.93725514,-0.9642998
0.20113122,-0.096652985
0.08508062,-0.8399409
0.14989984,-0.056308627
0.42772567,-0.96816754
-0.31336796,0.86912906
0.89364564,-0.85138106
0.9221451,-0.72239196
-0.1253035,0.21481442
-0.92023396,0.40230203
-0.13981688,0.78279305
-0.28783023,0.12397039
-0.35100865,0.90299463
-0.020591259,0.0778265
-0.031609893,0.97948027
-0.08421826,0.5145377
-0.077693224,0.16140354
-0.11522865,0.3216387
0.11950326,-0.8645226
-0.86450005,0.8520644
-0.9467553,0.14241481
0.4460286,-0.9566184
-0.9179441,0.111295104
-0.8253794,0.14439023
0.8365327,-0.22227418
-0.051796198,0.43328297
-0.2879244,0.9805027
0.85553896,-0.18927622
0.17143929,-0.25067234
-0.907961,0.36704016
0.8549044,-0.7739614
-0.9338249,0.7056699
-0.763479,0.1435225
0.03800416,-0.48207712
0.482759,-0.9789095
-0.2570082,0.9433321
-0.30962014,0.14630854
-0.43838966,0.9204993
-0.88431346,0.11960304
0.43132305,-0.086471915
0.09691405,-0.6811069
0.91459954,-0.6012064
-0.90902567,0.9109144
0.04343617,-0.8144609
-0.9180888,0.6874833
0.15811396,-0.7641189
0.36366606,-0.99098766
0.8433411,-0.7546073
0.38455927,-0.06420493
0.73856306,-0.13034904
-0.8258271,0.10480666
0.26715744,-0.11261284
-0.0114376545,0.15504527
0.023289084,-0.5870155
-0.49223518,0.9406103
0.9052547,-0.6856159
0.47490966,-0.027502537
0.90737486,-0.0770843
0.09248805,-0.7808081
0.9357548,-0.925076
-0.80375826,0.97797215
0.076408505,-0.48154616
-0.15434897,0.29573846
0.7176002,-0.12909532
-0.010208964,0.5114943
0.7217506,-0.15637827
-0.65112805,0.12123346
0.13477254,-0.29442942
-0.731096,0.0656873
-0.07987726,0.73418236
-0.8898448,0.74377584
0.17860162,-0.21222019
-0.063952684,0.33017945
-0.56254005,0.9488528
0.9788116,-0.43974078
-0.4194137,0.08622432
-0.053768277,0.07127011
0.06635916,-0.3575741
0.9323379,-0.021694899
-0.80634105,0.14919078
-0.89232385,0.048160076
-0.955567,0.25894344
0.4246552,-0.10400736
-0.95783746,0.34943056
0.5428848,-0.0040216446
-0.6923218,0.9642662
-0.5814047,0.9503895
0.60859406,-0.9980073
0.9518099,-0.91797984
0.7777672,-0.9825747
-0.8933914,0.8516592
0.22436261,-0.03700304
-0.89028525,0.74850607
-0.13346314,0.13987029
0.8625374,-0.30588293
0.9878582,-0.7777493
-0.9692404,0.039316177
0.98322606,-0.059037447
-0.8411957,0.04873109
0.8766881,-0.07550597
-0.556123,0.92645335
0.31116152,-0.90515196
-0.9658613,0.6717938
0.085152864,-0.38140678
0.010591865,-0.19869483
-0.9449601,0.27659142
0.17419815,-0.8518454
-0.045521855,0.819751
0.9292413,-0.9211949
-0.9280263,0.25532854
-0.8618008,0.2053349
0.7583612,-0.8096967
-0.60044,0.016711354
0.084373355,-0.8833755
-0.65329313,0.9583982
0.35487914,-0.9077885
-0.93205094,0.38270307
0.11784053,-0.803066
0.9437529,-0.866104
-0.53116333,0.0018283129
-0.17130291,0.059261084
-0.8710643,0.19152164
-0.8580898,0.97452736
-0.3692026,0.0654006
0.8525965,-0.8880073
0.7282921,-0.9319159
0.869048,-0.79246616
0.010805488,-0.6825025
-0.86792374,0.23053205
-0.060899854,0.31591868
0.6292589,-0.094895124
0.93416977,-0.37152874
0.008709788,-0.73617136
0.8159231,-0.20580924
0.6881149,-0.03633952
-0.9863124,0.21289909
0.9864601,-0.53834784
-0.85061204,0.8458452
0.69279516,-0.9078287
-0.30680764,0.8811487
0.9924536,-0.09525037
-0.5472609,0.96821594
-0.7430134,0.9945748
0.90385556,-0.81585324
-0.50080967,0.050775528
-0.15634489,0.96899366
0.77071226,-0.12708461
-0.03347063,0.27998447
-0.051972866,0.4281397
-0.13045788,0.9905547
0.7563391,-0.88998055
0.98546576,-0.8268417
-0.77920854,0.17871332
0.036462903,-0.6852659
0.89616764,-0.7314435
0.5265268,-0.0799247
0.25506425,-0.13033867
0.89797056,-0.32551777
0.5809988,-0.082362175
-0.6204499,0.08973348
0.012104869,-0.80331147
0.7780731,-0.8726212
0.97854364,-0.0015678406
0.64803386,-0.9124161
0.10990405,-0.89774966
0.56880796,-0.99245536
-0.08517611,0.73784125
-0.96733,0.36472642
0.9686165,-0.12863326
0.9695327,-0.82783353
-0.86076987,0.9466764
-0.87984693,0.65227747
0.98409665,-0.17000866
-0.93035376,0.5488769
-0.08385706,0.21027875
0.047296643,-0.8309934
-0.9052762,0.005058527
-0.9924313,0.041744232
0.10148144,-0.09265697
0.96908975,-0.4678793
-0.042333126,0.84619844
0.17565727,-0.21597207
0.40141535,-0.01024127
0.31320512,-0.117485285
0.415931,-0.9465481
-0.4378209,0.8997718
0.52594495,-0.9058665
0.04079771,-0.7476839
-0.4322368,0.06794226
-0.20479798,0.068204045
0.6767818,-0.037207246
-0.49567854,0.9902679
-0.6453068,0.93196607
0.12679338,-0.28018236
0.17460108,-0.8280773
-0.07368612,0.3181733
-0.10251248,0.12637293
0.9379506,-0.4826647
-0.17019904,0.20198357
0.38301194,-0.07910895
-0.6456678,0.9753469
-0.44255364,0.03594601
0.25599456,-0.88756335
-0.9246429,0.12753332
0.04124117,-0.29551053
0.694427,-0.05443299
-0.12807882,0.9750205
-0.65036976,0.013685703
-0.8744445,0.95910645
0.963565,-0.5964998
0.06815958,-0.32650578
-0.2778529,0.9539223
-0.12454021,0.9130671
0.5692823,-0.99414754
-0.81969345,0.85457635
0.6148454,-0.03928101
-0.4353968,0.074000955
-0.097478986,0.5091363
0.22378218,-0.848389
-0.19880176,0.79993105
0.70341897,-0.017253876
0.99893606,-0.3268603
-0.04255724,0.33969128
-0.9691013,0.8642055
-0.2537899,0.08211887
-0.030052662,0.7877672
0.89590836,-0.03820336
-0.041522145,0.6945666
-0.20767021,0.86520886
-0.76599085,0.13178706
0.90039766,-0.18590212
0.85060465,-0.79644597
0.23726141,-0.8961829
-0.92934656,0.46975744
-0.7416407,0.82882774
0.7928022,-0.12601233
-0.7483611,0.04638779
-0.9316187,0.14023781
0.8930651,-0.87524426
0.87753224,-0.14328063
-0.71022093,0.85593307
0.16324043,-0.22476625
-0.06281412,0.5325303
-0.23709905,0.96661735
0.9344814,-0.69959426
0.2078048,-0.8739548
-0.8704225,0.19501126
0.5872493,-0.06503165
0.17719293,-0.066805124
-0.043987036,0.11643779
-0.76611185,0.04904449
-0.9041841,0.7030598
-0.95502555,0.12994564
-0.26600254,0.014091015
-0.07464695,0.7317741
0.0031334162,-0.12931931
-0.36954522,0.11962688
0.15404177,-0.7417079
-0.00649333,0.8884431
0.89993453,-0.90161955
0.5297774,-0.02177918
0.8955767,-0.39633048
0.025972962,-0.10060537
-0.89709294,0.19956195
0.028128147,-0.5562196
0.01993537,-0.74844706
-0.97139335,0.0335958
0.11553037,-0.76995194
-0.94588304,0.63973546
0.30739534,-0.04754746
0.9507601,-0.5441804
-0.18338251,0.81268346
-0.16109025,0.2636423
-0.6207979,0.9534209
0.7285254,-0.89608717
-0.47293913,8.786917E-4
-0.09814632,0.60201347
0.12850201,-0.35120356
-0.98590374,0.7664906
0.120651364,-0.17795813
-0.8941966,0.881449
0.28636777,-0.911875
0.92085874,-0.469319
0.3272016,-0.08254516
0.7323793,-0.11089218
-0.95485103,0.93454957
0.086529136,-0.39328086
-0.913069,0.34821022
0.5099752,-0.9820218
0.026779056,-0.1304686
-0.08891237,0.655995
-0.13542831,0.14739275
0.096959114,-0.36796212
-0.07486975,0.9243336
-0.06349814,0.44229853
0.008980155,-0.074965715
-0.33656573,0.08333075
-0.89829123,0.13911271
0.9342371,-0.09918165
0.9820938,-0.03818202
-0.23057127,0.058835506
0.97621584,-0.42276788
0.060738564,-0.6156523
0.75802505,-0.15884781
-0.06294119,0.21267271
0.46211684,-0.9451426
-0.97331274,0.7475898
-0.028705359,0.2942791
-0.6931828,0.9261669
-0.9784616,0.9839282
0.45284045,-0.04150462
-0.006042242,0.9879155
0.7022815,-0.014267564
0.47963583,-0.08337164
0.9374311,-0.41713607
-0.530571,0.9295213
0.31409574,-0.068801165
0.6081077,-0.07668841
-0.35249949,0.0149201155
-0.9861785,0.11290026
-0.7149416,0.8758136
0.873662,-0.82968044
0.025348663,-0.93687487
-0.9659095,0.54908836
0.9368404,-0.9893513
-0.8622898,0.157691
0.08587766,-0.39929175
-0.13035476,0.15083575
-0.6814698,0.8619778
-0.9410318,0.09977293
-0.5968007,0.9160017
-0.9219761,0.7281997
-0.040752172,0.07099199
0.056000352,-0.3853333
0.7199763,-0.02339232
0.9534458,-0.8103231
0.079869986,-0.089286685
0.88635767,-0.355572
-0.47705555,0.04055035
-0.36097562,0.9782492
-0.050064206,0.2763312
-0.18926263,0.988647
0.035621524,-0.57919645
0.7475276,-0.8586508
0.19524896,-0.114129186
0.2728498,-0.14756083
0.9203341,-0.76570904
0.025815606,-0.8267529
0.25181293,-0.9376044
0.9258468,-0.37406623
0.8533875,-0.08473182
-0.9834125,0.66195476
0.16853976,-0.02188766
-0.20022357,0.91059864
0.1407057,-0.7862718
0.89609396,-0.6867415
-0.8405944,0.14002573
0.0780493,-0.5248388
0.10610604,-0.06606245
-0.9927832,0.517241
0.02133882,-0.5378996
0.10012698,-0.03469348
0.13957095,-0.27247834
0.70786035,-0.8985704
0.79093623,-0.8670068
-0.9698006,0.3460673
-0.91507554,0.012999773
-0.024298549,0.43555367
0.99634874,-0.19994164
-0.44558144,0.074132085
-0.07719755,0.5931226
-0.29968774,0.9151777
0.30652022,-0.10273063
0.9569794,-0.89939475
0.006823182,-0.034081817
0.10117841,-0.9382459
-0.020344615,0.67922926
-0.3716892,0.025390148
0.8725059,-0.901279
0.120824695,-0.33468235
0.8477354,-0.8650669
0.35326588,-0.10292399
-0.40511775,0.99281585
0.016459107,-0.39846253
0.8341049,-0.8439189
-0.34685957,0.113571525
0.65424466,-0.116431
0.5569123,-0.96857035
-0.19047964,0.94531465
0.07489538,-0.8944051
0.07767904,-0.93788064
-0.18982136,0.9226072
0.98644793,-0.43280506
-0.17870283,0.78796566
-0.92698896,0.23051167
-0.059316516,0.013082147
-0.07345438,0.928215
0.36084712,-0.9765971
-0.1102674,0.15392613
-0.8995832,0.92799294
-0.2101804,0.18067276
-0.17035139,0.7551626
0.16463792,-0.18724799
-0.1448164,0.28965938
0.27923083,-0.029798746
-0.57280946,0.046454787
-0.44326067,0.98223567
0.7952229,-0.8735076
-0.40106106,0.9406055
0.066195965,-0.2507161
0.62690973,-0.10195029
0.058325768,-0.020007849
0.03215623,-0.32640743
-0.3400265,0.012451768
-0.94865906,0.3773353
0.11609101,-0.6710222
-0.16124368,0.23862946
0.06481409,-0.469432
-0.93929255,0.8639755
-0.3010416,0.09360278
-0.06462371,0.32845294
0.6551987,-0.9018785
0.5957532,-0.0942601
-0.073752046,0.56992126
-0.038861275,0.37893295
-0.8759242,0.9772209
0.9143417,-0.3013873
-0.16626334,0.99651647
-0.15347302,0.26011848
0.80532956,-0.92487824
-0.235937,0.09398353
0.3264811,-0.10877478
0.865711,-0.8399781
-0.62269986,0.896338
0.99989986,-0.4228872
-0.6473124,0.08711767
-0.89969194,0.9462025
-0.12779295,0.8047621
0.23208249,-0.08227897
-0.29242313,0.96788096
-0.9131999,0.88572395
0.043034315,-0.08403826
-0.8910805,0.8646381
0.82541776,-0.09344804
0.95036423,-0.73443735
-0.008789301,0.8542185
-0.832083,0.014085889
-0.9750757,4.657507E-4
-0.12057769,0.8008014
0.03943169,-0.46531343
0.76600766,-0.13488019
-0.03408456,0.63213897
-0.8257073,0.20589447
0.018608928,-0.40191197
-0.061399102,0.1879896
0.90943706,-0.38858962
0.08252525,-0.6629374
-0.034778833,0.88220453
0.14379656,-0.7215961
-0.22281945,0.12355626
0.114932895,-0.21111798
0.6687875,-0.07012832
0.8441627,-0.26544607
0.6971096,-0.039085865
-0.14719212,0.72994816
-0.3885274,0.09897792
0.90579534,-0.84930634
0.9938166,-0.9982859
0.99628115,-0.08334601
0.92579794,-0.2991953
-0.9507022,0.7434145
-0.05287659,0.32505035
0.08974302,-0.5594593
-0.8745259,0.2961253
0.741472,-0.8909606
0.04177308,-0.44639456
0.11684632,-0.29904652
-0.23763478,0.8513453
-0.64413023,0.10906446
-0.17993331,0.014462471
-0.1698097,0.9710257
0.08461475,-0.68890464
-0.5721066,0.054465532
0.56220114,-0.10007334
0.914968,-0.8392291
-0.25582588,0.06535959
-0.57105374,0.04803884
0.40776289,-0.9394094
0.04213047,-0.012011051
0.18041492,-0.17357278
-0.006033063,0.89120257
0.1939553,-0.9702269
0.088871956,-0.7285938
-0.1306206,0.17970383
-0.2761098,0.12396026
-0.23154211,0.9324839
0.8402188,-0.7798526
0.96875143,-0.6022605
-0.10474324,0.7018925
0.25262856,-0.87016976
0.6033765,-0.0143066645
0.3943565,-0.9681035
-0.13574219,0.18823516
0.6878679,-0.9400946
0.8331412,-0.030873537
0.43472517,-0.102603674
0.008324146,-0.22068417
-0.14724398,0.053563476
-0.9480734,0.6405176
0.68202436,-0.8610065
-0.7096081,0.09818649
0.031407475,-0.7392566
-0.26758182,0.041718245
0.04379034,-0.25157428
-0.58886445,0.022014618
-0.013827205,0.90161526
0.2550912,-0.9952818
0.14489019,-0.17277288
0.053964376,-0.957929
0.020016074,-0.57517207
-0.9768336,0.31696498
0.11765957,-0.99378383
-0.8256419,0.19995475
0.8375261,-0.975569
-0.7031766,0.1488148
0.82408893,-0.118367076
-0.018970847,0.8931787
-0.024608254,0.11604321
-0.13289165,0.659683
-0.051923513,0.4482088
-0.97186244,0.48247182
-0.954304,0.3510586
0.05552101,-0.5650455
-0.47447276,0.9335886
-0.08777368,0.5881723
0.76307166,-0.886719
0.9307827,-0.8907862
0.9398105,-0.92980766
-0.018319488,0.66656506
-0.05827403,0.5409117
-0.048675895,0.23448706
-0.2887137,0.9908166
-0.1603632,0.1530987
0.79724574,-0.14986634
0.1745708,-0.9348695
-0.9008558,0.860476
-0.66594434,0.06311226
0.6604637,-0.051406622
-0.92025816,0.8496145
0.8025303,-0.9046637
-0.5341275,0.05470419
-0.1377505,0.72034955
-0.0380944,0.9973421
0.98774743,-0.69100916
-0.17070425,0.11081362
0.88904583,-0.733832
0.00983429,-0.41902983
-0.8256073,0.015924454
-0.6722971,0.9417021
-0.041963458,0.64237285
-0.0056842566,0.7621926
-0.9031149,0.67700744
-0.13728309,0.67500174
-0.6481775,0.9706931
-0.3068837,0.87281
0.12113607,-0.0620054
-0.9308611,0.12003136
-0.18674242,0.76458776
0.019831657,-0.8961872
0.4143021,-0.02189672
-0.057032943,0.43530786
-0.92464805,0.011889935
-0.6208447,0.9548452
0.0728451,-0.9810612
-0.88658285,0.84165466
0.9549911,-0.119377136
-0.26009345,0.8865315
-0.0033507347,0.19426405
-0.9923996,0.5417074
-0.9200517,0.48246455
-0.904192,0.14014375
0.9915612,-0.06942177
0.9316988,-0.36031246
-0.87523484,0.97591996
-0.5552565,0.9864553
0.08981824,-0.19083357
0.061834216,-0.7530489
-0.025094867,0.13577116
0.3269459,-0.98813796
-0.96656144,0.5155636
-0.9090247,0.5851749
0.9964627,-0.89277697
0.86080384,-0.21743345
0.962468,-0.44703448
-0.049592257,0.8822862
-0.8347237,0.27799094
-0.050012827,0.5268365
-0.8532398,0.7435092
0.32193065,-0.13519502
0.05672717,-0.76584053
0.85148597,-0.69628465
-0.14127696,0.07083964
-0.13158393,0.7810174
0.10744178,-0.2506466
0.016750574,-0.871433
0.30608857,-0.90059865
0.8842491,-0.2769307
-0.07957816,0.9196179
-0.037558913,0.3722707
0.8303839,-0.1462363
-0.96804774,0.19243944
0.010390997,-0.9143051
0.13684309,-0.9728724
0.25970364,-0.07609367
0.16272521,-0.1876787
0.9604939,-0.12862873
0.80840874,-0.9451158
0.15950966,-0.047455788
-0.44492865,0.06516957
0.15177071,-0.16540992
-0.5081575,0.09403312
0.36713278,-0.9040823
-0.8595015,0.008119702
-0.93320453,0.81446195
-0.1298902,0.9285488
0.87925744,-0.2546296
0.17056823,-0.024424076
-0.3823619,0.01091218
-0.96874845,0.5750438
0.67143214,-0.98341453
-0.89941776,0.043390512
-0.060941577,0.7632934
0.6638658,-0.8708354
0.874787,-0.77923846
0.83325577,-0.13232946
-0.88045967,0.36278343
-0.1327399,0.31807876
-0.9807658,0.46035612
0.4266702,-0.89741766
-0.8467611,0.029732704
0.9425651,-0.91666484
-0.336931,0.0195055
-0.9598043,0.87561154
-0.38042307,0.02262628
-0.2811587,0.16021574
-0.9142537,0.9918239
-0.12464857,0.3022989
-0.0025017262,0.13434601
-0.44504976,0.93669546
0.06385517,-0.21679819
-0.58477235,0.046084642
-0.887481,0.8860637
-0.9065069,0.8300415
0.288993,-0.07551396
0.13366234,-0.035339117
0.20057929,-0.04529345
0.052080035,-0.71402717
0.46598208,-0.9283074
-0.16369665,0.9198445
0.21511829,-0.8907037
-0.69319725,0.095534205
0.09614396,-0.7928835
0.4237219,-0.09503627
-0.08624101,0.04041326
-0.09023559,0.6623299
-0.9344257,0.78981674
0.36519575,-0.109801054
-0.9861951,0.65698826
-0.37796295,0.99420726
-0.041133404,0.33086514
0.3414173,-0.017601967
-0.9316356,0.6000562
-0.9985833,0.5041456
0.14243662,-0.7280915
0.9828181,-0.4389851
-0.92378306,0.16975653
-0.9152882,0.89609945
-0.0154953,0.58234763
0.28219652,-0.8682705
-0.8882749,0.95907176
-0.022858381,0.6646755
-0.015883088,0.663329
-0.44212663,0.100550294
-0.1024555,0.24277544
-0.0038654804,0.23661196
-0.07878208,0.021860719
0.856197,-0.123337865
0.4134215,-0.9457092
0.3515364,-0.922359
0.34212136,-0.98256457
-0.99787354,0.8118763
0.96374726,-0.6701883
0.9677191,-0.26114857
-0.10180485,0.8790623
-0.9978876,0.17181933
0.93607557,-0.22290361
-0.9884715,0.8755373
-0.80041564,0.20879352
-0.93006206,0.5713111
-0.9023558,0.64898336
0.025983214,-0.55169475
-0.84898007,0.75575256
-0.048514128,0.5373496
-0.032117367,0.29653203
0.84205306,-0.7533876
0.90106404,-0.30917132
-0.89434624,0.66426134
0.9766637,-0.75409675
0.019647837,-0.56142557
0.93554664,-0.56349766
-0.97658837,0.3650962
-0.6209971,0.08072233
0.11110163,-0.17406523
0.31390846,-0.11339581
-0.62767375,0.08326781
-0.75655246,0.97494113
-0.0061935186,0.6544881
-0.9677944,0.9727025
0.95202386,-0.85811603
-0.793416,0.8420613
0.067466855,-0.30453432
0.081279874,-0.6306931
-0.29922926,0.091934204
-0.072387576,0.16956294
0.81673944,-0.993104
0.2917801,-0.08570516
0.24092293,-0.12457466
0.16305959,-0.11549795
0.78195775,-0.8434439
0.874568,-0.055740356
-0.9385462,0.08340907
0.18420148,-0.8107424
-0.21883774,0.9242047
0.43836057,-0.9825661
0.033720374,-0.9485805
-0.8681835,0.2432096
0.75809133,-0.17762244
-0.99649465,0.78975785
-0.9429908,0.47978675
0.8883107,-0.03215933
0.124557495,-0.82681394
0.9196377,-0.97841275
-0.111783504,0.8487319
-0.040350676,0.920421
0.8087039,-0.17252862
-0.85821617,0.76977205
0.7903837,-0.9011508
-0.78152704,0.8805547
0.13332558,-0.7923287
-0.80104125,0.9492582
0.9946946,-0.14172733
-0.83300483,0.26749718
-0.8024945,0.8914515
0.43605995,-0.103328705
-0.71027076,0.98835313
-0.061841726,0.47864497
-0.3916607,0.024070859
0.9460255,-0.64202285
0.88901424,-0.17006016
-0.73987806,0.14663768
-0.24589372,0.8167863
-0.0759927,0.86449707
-0.27787435,0.86528254
-0.88404834,0.3879212
0.3563156,-0.106462955
-0.21040356,0.115968466
0.24886537,-0.88972604
0.1110214,-0.6125171
0.47930813,-0.03149438
-0.6209096,0.9804529
-0.21402252,0.97820985
-0.7375225,0.9815545
0.711203,-0.84211063
0.7308053,-0.035459876
-0.8343729,0.92415273
-0.018621445,0.05047071
0.20440269,-0.801674
0.06599665,-0.2050165
-0.13230455,0.32012784
0.59031,-0.91588783
0.995507,-0.16035771
0.87868595,-0.6478616
-0.020729423,0.47362638
0.2113446,-0.19989419
0.45940232,-0.07636666
0.59412205,-0.062183976
0.20746398,-0.82011557
-0.05205846,0.9672543
0.83558714,-0.8644819
-0.19180715,0.022823334
0.8313111,-0.9812993
0.07482016,-0.47641516
0.25025415,-0.10635114
-0.922817,0.8857453
0.042134404,-0.49803984
-0.1476438,0.9716259
0.9709438,-0.95815134
-0.8895023,0.84576714
-0.19159079,0.99193406
0.06828654,-0.39314318
0.9921082,-0.523232
-0.90321994,0.3073944
-0.8085885,0.98376787
-0.8962816,0.7819177
-0.025945902,0.98573804
-0.27308846,0.026843786
0.23226893,-0.07957077
-0.035063505,0.23267698
-0.688854,0.074691296
0.8278067,-0.02653861
-0.94530547,0.7490649
0.80912435,-0.21844995
0.18206406,-0.97603536
-0.32446086,0.02631843
0.95730674,-0.021583438
-0.88349795,0.7133517
0.5369917,-0.03825164
0.10613823,-0.14914918
0.9610472,-0.08516872
-0.14760411,0.22141504
0.91013587,-0.7364296
0.026771188,-0.092626214
0.2057532,-0.021947622
-0.27784956,0.940179
-0.275115,0.84915304
-0.637131,0.11872554
-0.08810508,0.05212009
0.18050551,-0.17395663
-0.7023983,0.08403802
-0.78823197,0.8584554
0.9944099,-0.6949289
0.061722994,-0.55742455
-0.89301336,0.3249346
0.33715272,-0.9751004
0.86386144,-0.8777977
0.86080384,-0.7652787
0.9680538,-0.24778831
0.038701415,-0.19013119
-0.14108384,0.6945797
0.08911705,-0.48943985
0.18091524,-0.84414697
0.17179441,-0.91324127
-0.85772526,0.28185308
0.021271944,-0.3876896
0.9988035,-0.99016273
0.12386942,-0.6886604
0.6231849,-0.09142053
0.05133009,-0.684368
-0.5605099,0.028543115
0.23828757,-0.19273531
0.93242407,-0.5763867
0.3046372,-0.046566844
0.8842195,-0.7808577
-0.10200453,0.17405319
0.06645048,-0.77829504
0.1972822,-0.96970284
-0.69142044,0.86473286
0.5423131,-0.9026754
-0.7087165,0.95640814
0.99508584,-0.7731527
0.53531396,-0.061754227
0.15535426,-0.120790124
0.6485524,-0.10981786
-0.27943063,0.9674604
0.09878373,-0.2902608
-0.35921156,0.067091465
-0.3759433,0.9376693
-0.26991987,0.83453524
-0.8335366,0.09464443
-0.7360892,0.94500947
0.5723047,-0.008663058
0.02916193,-0.20513856
0.8345771,-3.0457973E-4
-0.4147972,0.92125094
-0.030231714,0.07416427
0.84519935,-0.2554319
-0.07859969,0.92724705
-0.09449732,0.60345733
0.5674417,-0.9597993
0.04832554,-0.9706172
0.23103857,-0.03537059
0.046256185,-0.4198202
-0.69917345,0.14387178
-0.06993437,0.6371403
0.22441602,-0.80698514
0.30541742,-0.99716043
0.7212689,-0.047099352
-0.9725045,0.61978054
-0.029081464,0.07211983
-0.9948729,0.65828896
0.6223179,-0.89714754
-0.15396726,0.19426847
0.7995918,-0.767892
-0.07790816,0.41107595
0.82014847,-0.8961257
-0.023456335,0.31969583
0.94633186,-0.21530306
0.00970149,-0.71299815
-0.029800177,0.69649994
-0.053408384,0.09855664
-0.20909321,0.9221306
0.074056864,-0.9943186
-0.47981286,0.9287406
0.051626325,-0.46964586
-0.15404618,0.92580986
0.66967237,-0.8914982
0.08222067,-0.24710572
-0.80866396,0.22685039
-0.26980937,0.8919258
-0.87701833,0.7373251
-0.78617716,0.812855
-0.36151636,0.9772078
0.06466615,-0.01137495
0.25376868,-0.8475317
-0.02961862,0.5083047
-0.830418,0.7960192
-0.07456589,0.77469456
-0.9260069,0.14247417
0.039357424,-0.18083489
-0.95362175,0.28116357
0.7639227,-0.067549706
-0.32199287,0.92859936
0.16458535,-0.15450072
-0.19741583,0.11034322
-0.96907353,0.92067254
0.2680689,-0.8760077
-0.9670197,0.86951065
-0.89938784,0.65376663
-0.9890504,0.33960605
-0.973011,0.29279518
-0.08622444,0.12925673
-8.844137E-4,0.6200018
-0.1135875,0.65138924
0.5530758,-0.005392909
-0.29890954,0.85116136
0.9795352,-0.62008834
-0.08527017,0.47533453
0.7165518,-0.0479877
-0.99980414,0.45066392
0.08105135,-0.9520289
0.29963887,-0.9792576
-0.012162805,0.25800407
-0.38813436,0.031600952
-0.109954,0.95319605
0.045061827,-0.55378115
0.22811508,-0.16567957
0.12118387,-0.6831373
0.30901837,-0.98459435
-0.52337086,0.041098
-0.057332277,0.7316394
0.89169025,-0.19837642
-0.6380719,0.076747775
0.054641843,-0.7397634
0.07952368,-0.7313051
0.078428864,-0.3811642
-0.13521385,0.037700176
0.051579595,-0.12010229
-0.86424136,0.9903976
0.64870083,-0.99396884
-0.9582466,0.6647233
-0.99321914,0.6737646
0.9850601,-0.5376234
0.911626,-0.9132445
0.905056,-0.016331315
-0.79984593,0.12145519
0.043978333,-0.18825376
-0.8824693,0.96354425
-0.75692976,0.81340134
0.14866078,-0.904611
-0.35779977,0.9521779
0.14885116,-0.7821299
-0.060220003,0.054453015
0.06985021,-0.35209608
0.26595545,-0.044157863
-0.1986531,0.8216121
-0.810166,0.9385127
0.040634394,-0.20609903
0.041161537,-0.22654104
-0.32911658,0.9096011
0.14074063,-0.7674495
-0.92655027,0.9352274
0.9727876,-0.916463
0.07785058,-0.70793605
0.09548557,-0.3045113
-0.8154932,0.21874571
-0.7823093,0.046376348
-0.5506033,0.9004998
-0.9648961,0.9344939
-0.0041502714,0.7601992
-0.13775992,0.14457488
-0.8612952,0.7263495
0.9943012,-0.41473758
0.059344888,-0.053197503
0.04586637,-0.17224216
-0.91910243,0.49379003
-0.7365588,0.8408148
-0.2323848,0.096978664
0.9059452,-0.89505804
0.0932523,-0.017515779
0.8924736,-0.15813684
0.8575057,-0.8733989
0.99761987,-0.48165524
0.11365986,-0.784727
0.79966843,-0.061450362
0.9234555,-0.7590227
-0.14110482,0.030302286
0.99333715,-0.18444085
0.8014003,-0.08884621
-0.003368497,0.8960637
0.95869803,-0.7275413
-0.94420993,0.9280722
-0.031231046,0.37577903
0.783574,-0.9846078
0.7638074,-0.9728192
-0.97538495,0.026185155
-0.5142138,0.049669266
-0.99671435,0.56012607
0.1427412,-0.3188058
0.032614708,-0.51852715
0.22583544,-0.9618963
-0.89115393,0.044675946
0.92251635,-0.8313613
-0.2761594,0.8847724
-0.9136163,0.08864391
-0.21124935,0.025694847
-0.42741442,0.94859815
-0.11162567,0.20732212
0.66825974,-0.07686186
-0.6441263,0.8981892
0.14349604,-0.13148582
0.49968624,-0.041343212
0.08940518,-0.17618036
0.6285224,-6.6161156E-4
0.12866879,-0.28745508
-0.9338027,0.9633676
-0.75295067,0.87230515
-0.8127632,0.94000804
-0.17565525,0.17619824
0.94587624,-0.059298992
-0.9430773,0.668138
-0.2656634,0.05703652
-0.9470458,0.91004145
0.55477667,-0.97126925
0.06926024,-0.5141337
0.39845955,-3.4689903E-4
0.646327,-0.9374368
0.18549657,-0.0022283792
-0.9679036,0.4324981
0.0076185465,-0.19984734
-0.16783786,0.95008683
0.94802177,-0.37347615
-0.20716906,0.036267042
-0.28591526,0.97901046
-0.59644747,0.0987941
-0.2877785,0.8700595
-0.9765432,0.94614315
-0.022835732,0.94585276
-0.90932333,0.03842938
-0.08559525,0.5046886
9.795427E-4,-0.72135866
-0.8486936,0.1448828
0.78466487,-0.7993338
0.9739603,-0.20637083
-0.40618205,0.9234879
0.06782341,-0.57375383
-0.21939504,0.040358186
-0.16324973,0.24089527
-0.5300312,0.029107928
0.028895617,-0.8897011
0.02312386,-0.69238067
0.21377003,-0.02278459
0.09096885,-0.31104314
-0.8986944,0.7024107
0.10769522,-0.04146266
0.10016501,-0.5703347
0.7335472,-0.083138466
0.6317961,-0.9785403
-0.96585274,0.49886644
0.2693199,-0.92894363
-0.4994384,0.91439974
-0.5198505,0.9949206
-0.22598135,0.9866419
0.29592347,-0.85746026
0.7846185,-0.18533695
0.8555727,-0.95778346
0.773896,-0.9037199
-0.5979192,0.085775614
-0.12810159,0.6618924
0.06533551,-0.71513057
-0.22929943,0.16908205
-0.31778038,0.9079691
-0.95008564,0.31758952
0.17334509,-0.25390232
0.87718093,-0.8672539
-0.08553398,0.7214265
-0.19599438,0.8242837
0.11651826,-0.13672483
-0.6283859,0.9801798
0.82685196,-0.8004222
-0.18535233,0.8340918
-0.8350638,0.2668246
-0.08607972,0.98777294
0.85455036,-0.9137684
0.6716571,-0.9578744
0.4796759,-0.020085096
-0.06017852,0.5208194
0.85167694,-0.03976667
-0.9201666,0.95184314
0.91793764,-0.7229717
-0.9562422,0.9242821
-0.09708357,0.9068723
0.89490414,-0.3818462
0.11880064,-0.9578092
0.98247373,-0.84697366
0.9112288,-0.45799923
0.8348069,-0.22459245
0.08580601,-0.78739965
-0.97654104,0.8978952
-0.9781183,0.85582125
0.9762304,-0.28208244
-0.025223732,0.8270657
0.7335106,-0.9094993
-0.9433421,0.0127927065
0.9437578,-0.5118308
0.93295324,-0.0779835
0.25334132,-0.9403813
0.08233321,-0.44872272
0.839517,-0.84801114
0.9597976,-0.47042918
-0.9372996,0.48735034
-0.7667048,0.8986771
-0.03745818,0.6956357
-0.22954094,0.05658853
0.029145718,-0.8564148
-0.79870105,0.9288372
0.8701352,-0.98905766
0.9457698,-0.39420903
-0.39522278,0.027092695
-0.09862697,0.6675465
-0.8881531,0.32187855
-0.005864501,0.8283348
-0.5111356,0.03965187
0.82634056,-0.772015
-0.9546912,0.76399076
0.04651916,-0.8610498
0.013641834,-0.83062935
0.96945393,-0.46211338
-0.07528007,0.52179694
-0.04572797,0.80131376
-0.50683725,0.97662234
0.19887733,-0.8828821
0.90530956,-0.2020688
0.49047875,-0.021550298
-0.056462288,0.12977445
0.89571655,-0.815531
-0.16110837,0.050363183
0.8748884,-0.89242136
0.57563543,-0.090437055
-0.78067756,0.90203667
-0.78131545,0.120105624
0.99212456,-0.2721516
-0.5062647,0.9017123
0.76828074,-0.8491305
0.6520761,-0.95650816
-0.106377125,0.8361672
0.8578371,-0.8919102
-0.94924927,0.36126506
0.93722427,-0.43825793
-0.0867511,0.124007106
0.8485416,-0.8019954
0.9951303,-0.70724785
-0.10491419,0.39805722
0.9995333,-0.04444003
0.9956726,-0.84816337
0.09377897,-0.38104415
0.042337418,-0.06013882
-0.053602815,0.16857147
-0.17119801,0.77491724
-0.056097746,0.48937404
0.38915038,-0.106974006
-0.13096261,0.3053664
0.13545609,-0.015327215
0.92214,-0.39452767
0.10200751,-0.72575617
0.06826568,-0.1755234
-0.5140809,0.90096045
0.0230968,-0.46013784
0.98776114,-0.07504809
0.10789502,-0.15875208
-0.13269281,0.94280744
0.9134222,-0.21671367
0.10789943,-0.28431773
0.69399345,-0.9558637
-0.86427104,0.24431431
-0.0091513395,0.3727175
0.16590118,-0.22823822
0.9389658,-0.18502975
0.21422803,-0.06145549
-0.15443838,0.9469702
0.91795135,-0.20888698
-0.6345309,0.09268403
0.07950401,-0.1826253
-0.67130256,0.115899086
0.9754034,-0.17165673
0.13559628,-0.8230518
0.110228896,-0.94302297
-0.022038937,0.9626826
-0.049540877,0.0678705
0.21630001,-0.13403034
0.4350164,-0.10427129
0.6901535,-0.9155849
-0.1650517,0.98121536
0.88891697,-0.09537935
0.20523536,-0.07184386
0.5983516,-0.9672729
0.049689293,-0.87085116
0.34856868,-0.88579965
0.05024457,-0.90851974
-0.074837565,0.5005747
-0.34329748,0.9483398
-0.91239107,0.24288404
-0.33573568,0.12296605
-0.04796505,0.9466859
0.101909876,-0.1131655
0.9792049,-0.1523341
0.016035557,-0.36143637
-0.083226204,0.19078672
-0.1938883,0.09752953
0.22023165,-0.8716421
0.16815436,-0.93354726
-0.8075175,0.15015638
0.25619256,-0.8996221
-0.99674106,0.14445937
-0.2742399,0.109426856
-0.5086776,0.95765364
0.20957088,-0.96720266
0.09286642,-0.77590036
0.7745067,-0.18497348
0.1311897,-0.9841844
0.9113046,-0.36255813
0.07869303,-0.23411131
-0.06760597,0.06512177
-0.07863915,0.5240177
-0.00223732,0.77643585
0.075241566,-0.24983156
-0.9461056,0.5553677
-0.9172226,0.85021234
0.07073164,-0.29522526
0.87511337,-0.689312
0.025435805,-0.13181269
0.7842281,-0.21790218
-0.43726683,0.08569038
-0.95680773,0.10099077
0.15859568,-0.92536426
-0.9087907,0.7774104
0.8502563,-0.8941122
0.013785124,-0.14287603
-0.97946346,0.8289951
-0.6524346,0.04114008
0.0017504692,-0.08962953
0.9088527,-0.10314262
-0.36882973,0.07163429
0.88751554,-0.22615778
-0.35833633,0.09953582
-0.7087643,0.9707817
-0.7802113,0.17833436
-0.35078013,0.122175574
0.77894044,-0.08649647
0.8767692,-0.74853134
-0.09056103,0.9368627
0.13633811,-0.95912075
0.69854474,-0.074010015
0.42050314,-0.9155638
-0.27030456,0.839062
-0.9218544,0.42744362
-0.963477,0.68762255
0.70068383,-0.88451695
-0.8152008,0.8936664
0.23738492,-0.9579874
0.9976057,-0.8582288
-0.069497585,0.15979838
0.83874106,-0.2022568
-0.0638144,0.9923363
0.028146863,-0.41238356
-0.7722701,0.037470937
-0.6236268,0.11764324
0.44821966,-0.96882284
0.101005435,-0.7877501
-0.33445394,0.97371244
-0.92813313,0.8290881
-0.965325,0.942345
-0.3855064,0.02376616
-1.4030933E-4,0.50253105
-0.42241514,0.04641831
0.005178213,-0.46368766
0.09527576,-0.8856399
-0.21684945,0.02545333
0.9510492,-0.119216084
0.9987142,-0.36519754
-0.02961886,0.8254565
-0.023097634,0.18096936
0.88653076,-0.29233098
0.9123415,-0.8658968
0.9091799,-0.78989124
-0.10165095,0.8161833
-0.027700782,0.27552164
0.032719612,-0.5209255
0.7394843,-0.94464254
0.33199477,-9.752512E-4
0.8570038,-0.9502423
0.15009212,-0.80814755
-0.6244978,0.026262045
0.03467083,-0.46162987
-0.95278275,0.6226351
0.11349821,-0.6536828
-0.039941788,0.81079674
0.94925106,-0.38115227
0.3074696,-0.9202595
-0.8360127,0.9277582
-0.9323808,0.84837365
0.026781559,-0.33470154
0.98130786,-0.19213402
0.2939068,-0.018248796
0.624457,-0.9341495
-0.82645154,0.1319766
-0.052633524,0.4365021
0.12887359,-0.7747866
-0.21413326,0.005995989
-0.9029051,0.6247276
0.49418318,-0.09691465
0.11380255,-0.069945335
0.68067694,-0.9786403
0.07677603,-0.35871828
0.8155557,-0.8496655
0.90377295,-0.21137989
-0.08406067,0.3330661
-0.7181988,0.116898775
-0.5537889,0.95036113
0.044317126,-0.017542005
-0.4502964,0.06843579
0.27901876,-0.96079516
-0.97660744,0.95959127
-0.50833666,0.91168034
-0.8767686,0.22907686
0.94651127,-0.69052076
-0.9442011,0.960518
-0.73378766,0.9984553
-0.012195468,0.28826702
-0.13653326,0.10011661
-0.84242713,0.1441946
0.33280218,-0.020052671
-0.60600805,0.029076695
0.87450075,-0.7993088
-0.04008186,0.38841903
-0.3826306,0.05167079
-0.45770943,0.072511554
0.07520664,-0.12513387
0.061532736,-0.6813574
0.025374174,-0.015019536
-0.96661973,0.2972467
-0.9104279,0.68893397
-0.8847058,0.17241514
-0.057725072,0.34745395
0.091727495,-0.16188931
-0.10927129,0.20866954
-0.9396626,0.39891827
0.21341264,-0.8357142
-0.4012611,0.071900964
0.3957845,-0.9681816
-0.7563914,0.17708349
0.106120944,-0.7753496
-0.80638826,0.97202706
-0.15668988,0.9699167
-0.9273819,0.10166347
-0.29138708,0.8948244
0.86207557,-0.6989453
-0.13991642,0.08274257
-0.68667185,0.9422817
-0.5504856,0.060079575
-0.17031896,0.045223594
0.9656787,-0.093197465
0.7939092,-0.08852768
0.8741114,-0.022664428
0.27985644,-0.024266124
-0.71084464,0.8632269
-0.9477756,0.83463395
0.97731614,-0.8736099
-0.120857954,0.6934645
0.051656485,-0.94919765
-0.15447807,0.14237261
0.44976187,-0.9831537
-0.59511554,0.07563603
-0.9578173,0.15799856
-0.98876095,0.9108968
0.24249423,-0.12306464
0.74404585,-0.8608811
-0.83207154,0.9043813
0.22774589,-0.92497945
-0.52999604,0.09864569
0.8355478,-0.056900382
-0.1147275,0.040797472
-0.90519476,0.9298487
0.16597271,-0.04678929
0.10341513,-0.18763745
0.30365562,-0.9991473
-0.08930218,0.6980084
-0.20752859,0.8787049
-0.8951117,0.038870335
-0.08215368,0.019760847
-0.593366,0.94607437
0.9272088,-0.22960281
-0.23175204,0.13501799
-0.6418717,0.8792341
-0.09197605,0.03326893
-0.051316023,0.47784948
-0.0067480803,0.48211408
-0.8351141,0.81147087
-0.7827518,0.89878154
-0.92923033,0.07870054
-0.95157194,0.63252604
-0.91413116,0.076597214
-0.9833548,0.54467225
-0.5420176,0.0376451
-0.20157528,0.8350048
-0.26601934,0.9748107
0.8638375,-0.8555335
-0.15252805,0.9672271
-0.6113788,0.9596833
-0.41147697,0.012786031
-0.97428906,0.28747845
-0.5685874,0.026335597
0.0035803318,-0.35698152
-0.61256015,0.89903724
0.21250391,-0.14692831
0.40676594,-0.94373834
-0.049036026,0.68863034
-0.50609195,0.05094433
-0.2108345,0.85045326
0.99694395,-0.55716956
-0.16625476,0.09273279
0.8580127,-0.9356805
-0.39633,0.038673043
0.34339917,-0.96858513
0.04722166,-0.08815968
-0.93840516,0.4486282
0.11500168,-0.9451866
-0.25404036,0.9857595
-0.99007654,0.8603213
0.870975,-0.990713
-0.031501293,0.99630606
-0.9876076,0.31179547
0.9489635,-0.707739
-0.05238974,0.49308813
-0.8551657,0.8852633
-0.69411826,0.089771986
-0.043020606,0.6747925
0.83385205,-0.75488365
-0.22875047,0.10533738
-0.41204476,0.96850085
0.57144725,-0.066010356
0.7804812,-0.1596123
0.04367578,-0.13960016
0.7427212,-0.09829116
0.3825842,-0.9548876
0.30523038,-0.85579395
0.9892404,-0.27476907
0.92738533,-0.3740673
-0.24581683,0.08674669
0.16956544,-0.94212234
-0.8814851,0.049586892
-0.0060391426,0.12124109
-0.27169108,0.15358162
-0.17819738,0.106342435
-0.49976647,0.9179895
0.36047292,-0.90610707
-0.4034785,0.028545618
0.29062366,-0.846625
-0.45177674,0.06868708
-0.9059001,0.65938354
0.4896021,-0.9080297
0.7474325,-0.1846031
0.047976136,-0.18007135
0.32005107,-0.90019727
-0.85366786,0.9490758
-0.8337165,0.72053206
-0.6202897,0.03248465
0.078712344,-0.26702392
0.42249405,-0.9512572
-0.8571671,0.27316082
-0.013598084,0.92949724
0.88301504,-0.9429797
-0.41518152,0.10555673
0.98417604,-0.76031053
0.8901466,-0.15180016
-0.98309886,0.45815492
0.0018248558,-0.0071433783
-0.775856,0.866349
-0.8240268,0.051791072
0.7947997,-0.9318259
-0.53840387,0.0045924187
-0.36572278,0.03378117
-0.9069892,0.08707237
0.6567042,-0.9176856
-0.95792913,0.6624868
-0.27232838,0.029465795
-0.24142146,0.964182
-0.19812334,0.9872426
0.15574694,-0.78979206
0.32550526,-0.122193575
0.6162969,-0.9353386
-0.06714773,0.999122
-0.022255778,0.8086457
-0.71527207,0.12482679
0.9132848,-0.20626223
-0.012064457,0.2911979
0.02129078,-0.95707047
-0.08994472,0.39212167
0.058920622,-0.29033995
-0.08787799,0.5438665
-0.14859402,0.9317635
-0.9352524,0.36209273
-0.1020931,0.6831951
-0.83717537,0.9660319
0.75716805,-0.9013181
-0.10009742,0.781363
0.9680816,-0.039027333
-0.11731446,0.9745029
-0.5018654,0.045564294
-0.9537091,0.67052114
0.89841676,-0.24216163
-0.17382658,0.10870874
-0.8612902,0.05820203
0.9293473,-0.39667785
-0.80587053,0.92516136
-0.7438834,0.025625348
0.96940756,-0.82272065
-0.2474463,0.17472768
0.037245035,-0.45151043
0.92866135,-0.1050812
-0.19528162,0.7641207
0.6128156,-0.027960777
-0.113216996,0.9002533
0.9533433,-0.24112415
-0.9638778,0.3797946
-0.90664196,0.020122766
0.24637866,-0.026808977
-0.217942,0.19727111
0.015915275,-0.99971604
-0.8054733,0.9345232
-0.76384604,0.10720408
-0.016928911,0.53772604
-0.15477788,0.1506064
0.83448386,-0.7195096
-0.055662513,0.7180337
0.054331183,-0.56054866
0.13104105,-0.90178037
-0.49618936,0.031110406
-0.39116335,0.9857042
0.107295394,-0.14101994
-0.9165032,0.030484796
-0.07159364,0.08565557
-0.7962382,0.8569641
0.030169368,-0.3469143
-0.38651562,0.011565328
0.69771457,-0.13272965
-0.99442816,0.25978065
0.94674194,-0.69446325
0.6715325,-0.09764266
-0.81835186,0.15946448
-0.42381585,0.097792864
-0.052121878,0.019292593
-0.5310328,0.91077256
0.7850671,-0.18096888
0.18642867,-0.78946984
0.4179188,-0.06716108
0.079369545,-0.62692153
0.5615796,-0.07732272
-0.61421347,0.92224133
0.64142513,-0.94377065
0.8218881,-0.9253695
-0.03785324,0.78071165
-0.926041,0.77687085
0.9529519,-0.84884834
0.9578279,-0.58140016
-0.038914442,0.9708028
0.9848064,-0.033646703
-0.94271445,0.8383306
-0.0122356415,0.30629015
-0.047162414,0.024691463
-0.91590714,0.954129
0.005083561,-0.1637659
-0.9190756,0.8999779
0.80325377,-0.03097701
0.91984606,-0.6104953
-0.63974047,0.06118834
-0.09254289,0.95940757
-0.88364303,0.9462596
0.8881341,-0.1717273
-0.9314209,0.4137764
-0.50581133,0.051784158
0.2635708,-0.9323132
-0.16470575,0.097322345
0.09667432,-0.3399421
-0.10234594,0.14414656
-0.8990097,0.5926062
-0.36456668,0.040630937
0.47182107,-0.9227928
0.17195725,-0.88650393
0.84401643,-0.87886894
-0.86184573,0.69174564
0.7795416,-0.835335
0.5874375,-0.1043365
0.7490903,-0.9111458
0.038111567,-0.21214521
-0.2714982,0.1705743
0.05695772,-0.23729455
0.19198143,-0.990029
0.50473523,-0.03109479
-0.6419655,0.008101821
-0.28125143,0.8488405
-0.9257699,0.49760187
-0.7239872,0.91229546
0.64371693,-0.98037195
0.24726498,-0.8908504
0.93483937,-0.15347064
0.4627087,-0.08231902
0.8002323,-0.9719323
0.43897116,-0.95295084
-0.10624933,0.8248757
0.10691595,-0.07128012
-0.9409218,0.21060717
0.27367198,-0.99827456
-0.89656687,0.7511593
-0.50802386,0.035175204
0.8752245,-0.025968313
-0.100244045,0.1668762
0.78881407,-0.880363
0.5352609,-0.07886493
-0.0744977,0.10560441
0.07792783,-0.736222
0.20072258,-0.8071482
0.07490015,-0.4876547
-0.2229582,0.8687694
0.9879676,-0.6268337
-0.41069233,0.9796492
0.03382206,-0.11516607
0.90190446,-0.36789656
0.09063411,-0.17768109
0.37520587,-0.10791838
0.7806369,-0.020896673
0.96612656,-0.20339143
0.09533894,-0.94383144
-0.041072965,0.3895756
0.73576856,-0.15687227
0.82137394,-0.95195174
-0.94528747,0.5309273
-0.6969037,0.033617854
-0.01406467,0.3714831
0.9459808,-0.7782787
-0.07253313,0.9192544
0.87993264,-0.014990926
-0.8528451,0.052201748
0.59333503,-0.9862199
-0.36806273,0.08274472
0.06732762,-0.94430494
-0.2053423,0.011680126
-0.02534306,0.49256194
-0.586838,0.96501505
-0.20351684,0.19686747
-0.8368262,0.14740407
0.099027514,-0.6380625
0.13361847,-0.6905614
-0.8496548,0.16281033
0.8694402,-0.6972505
-0.9264325,0.72617126
0.0064145327,-0.9902874
-0.27253163,0.8470439
-0.99469554,0.22244501
-0.06389415,0.15203857
0.9201342,-0.1348052
0.32150817,-0.036044
-0.087958336,0.08023691
0.9323294,-0.1712538
-0.09005439,0.2615912
-0.48380256,0.038372636
-0.8700596,0.2543949
-0.65201926,0.93093693
0.68216395,-0.008658648
0.9142537,-0.37860668
0.9549141,-0.12444079
0.86763346,-0.12036669
0.06664264,-0.7695025
0.0057834387,-0.36161268
-0.8829707,0.7876787
-0.9842615,0.4779626
0.96106327,-0.5052364
-0.29578698,2.9230118E-4
0.16487181,-0.07315266
0.98430026,-0.9472153
0.95937264,-0.8477005
-0.08087957,0.7484189
0.06274438,-0.895293
-0.59398055,0.09907985
0.764256,-0.07425678
0.15932989,-0.90068793
0.17793834,-0.095975995
0.15894115,-0.17657256
-0.06481516,0.77520716
0.9686667,-0.67432785
-0.16507196,0.21233761
-0.7639226,0.8824415
